epoch_0,epoch_1,epoch_2,epoch_3,epoch_4
"[1736637509.577429, 1736637509.7833498, 22.003719237327584]","[1736637944.746114, 1736637944.9397018, 44.40481401320672]","[1736638374.4251592, 1736638374.6175027, 44.08840179789066]","[1736638803.050548, 1736638803.2422469, 43.15815248715877]","[1736639235.5133426, 1736639235.7070212, 41.21474402642251]"
"[1736637510.4867423, 1736637510.6853614, 44.247776279807084]","[1736637945.6298966, 1736637945.8269281, 50.19467158782482]","[1736638375.3006916, 1736638375.5276222, 57.167323701275905]","[1736638803.9243984, 1736638804.1236353, 49.538607919454584]","[1736639236.3816035, 1736639236.578601, 49.92989725255967]"
"[1736637511.3619068, 1736637511.5559702, 50.1311562408209]","[1736637946.5365448, 1736637946.7340057, 52.63954534149169]","[1736638376.218901, 1736638376.4156215, 51.96543519937991]","[1736638804.799986, 1736638804.996268, 51.85176964151859]","[1736639237.2720475, 1736639237.469677, 52.70472641932963]"
"[1736637512.22999, 1736637512.424279, 50.48652112650872]","[1736637947.4308705, 1736637947.6277425, 52.44424691987039]","[1736638377.093411, 1736638377.2909524, 52.98449309670924]","[1736638805.6896875, 1736638805.8852892, 51.53876941537857]","[1736639238.1585906, 1736639238.3558464, 52.50739591014386]"
"[1736637513.1128807, 1736637513.3068197, 50.44935852575304]","[1736637948.3319404, 1736637948.528674, 52.65302824568747]","[1736638377.9684849, 1736638378.1656713, 52.685528763175036]","[1736638806.5819166, 1736638806.7777228, 51.87850998067853]","[1736639239.0502582, 1736639239.247966, 52.70345368349551]"
"[1736637513.9960976, 1736637514.1907601, 50.6279448647499]","[1736637949.2276216, 1736637949.4246762, 52.69124717211723]","[1736638378.840639, 1736638379.038171, 53.17589150929452]","[1736638807.4723675, 1736638807.6680148, 51.62812836122513]","[1736639239.9479196, 1736639240.1449401, 52.45776622080802]"
"[1736637514.8762443, 1736637515.0711496, 50.48069980370999]","[1736637950.1221209, 1736637950.3197255, 52.75404328703879]","[1736638379.7187283, 1736638379.9162915, 52.82125685548781]","[1736638808.2774117, 1736638808.473773, 52.68965812671185]","[1736639240.8431504, 1736639241.039801, 52.668227056860935]"
"[1736637515.7549586, 1736637515.95008, 50.5736430606842]","[1736637951.020655, 1736637951.2183044, 52.38463871777056]","[1736638380.594322, 1736638380.7922876, 52.860588957071315]","[1736638809.1611788, 1736638809.3573327, 52.299319917202006]","[1736639241.7313285, 1736639241.9289076, 53.03777476263047]"
"[1736637516.6407645, 1736637516.835931, 50.29512845861911]","[1736637951.9182246, 1736637952.1158042, 52.30293934643269]","[1736638381.4763682, 1736638381.67395, 52.49706072390081]","[1736638810.0548377, 1736638810.2507887, 51.78059234786034]","[1736639242.6262412, 1736639242.8234277, 52.79944111561774]"
"[1736637517.5243034, 1736637517.7196355, 50.8134297333956]","[1736637952.8145447, 1736637953.0119321, 52.21287432181835]","[1736638382.3554044, 1736638382.5530229, 52.95395128405095]","[1736638810.9401324, 1736638811.1363275, 51.726222856760025]","[1736639243.523842, 1736639243.7206209, 52.70141801249981]"
"[1736637518.403165, 1736637518.598805, 51.084103100895874]","[1736637953.7065122, 1736637953.9036183, 52.475688109517094]","[1736638383.230641, 1736638383.4280996, 52.53064835757964]","[1736638811.8314443, 1736638812.027028, 51.86006192553041]","[1736639244.4129303, 1736639244.6105335, 53.158697598218914]"
"[1736637519.284068, 1736637519.4792182, 50.860508502153614]","[1736637954.59803, 1736637954.7956223, 52.68886764168738]","[1736638384.1064475, 1736638384.303704, 52.48115194213393]","[1736638812.7182882, 1736638812.9147115, 52.061401331663106]","[1736639245.3098125, 1736639245.5074909, 53.001438891172405]"
"[1736637520.1653328, 1736637520.3605652, 50.55407670855522]","[1736637955.4927647, 1736637955.6894386, 52.2277540398836]","[1736638384.9772065, 1736638385.174516, 52.824007831573496]","[1736638813.6059227, 1736638813.8013053, 51.41419015669823]","[1736639246.2039542, 1736639246.4006388, 52.446820322632796]"
"[1736637521.0438898, 1736637521.2393587, 50.779700417637834]","[1736637956.3854787, 1736637956.582647, 52.87882447910308]","[1736638385.8518095, 1736638386.0492573, 52.908313015699385]","[1736638814.4931378, 1736638814.6891499, 51.76398954117297]","[1736639247.0934558, 1736639247.290589, 52.70184951615333]"
"[1736637521.9337726, 1736637522.1287334, 50.358301644325266]","[1736637957.2765582, 1736637957.474139, 52.70468074178696]","[1736638386.7344608, 1736638386.932074, 52.46563450729849]","[1736638815.3839996, 1736638815.5798223, 51.908386595726014]","[1736639247.9841928, 1736639248.1814308, 52.5782698178291]"
"[1736637522.8188038, 1736637523.0139933, 50.5678727259636]","[1736637958.164968, 1736637958.3621628, 52.60679394721985]","[1736638387.607298, 1736638387.8045444, 52.6265426158905]","[1736638816.2718105, 1736638816.467784, 51.65615403771401]","[1736639248.8762794, 1736639249.073243, 52.41142470169067]"
"[1736637523.6997797, 1736637523.8955119, 51.1600185916424]","[1736637959.0576386, 1736637959.255148, 53.03071507978439]","[1736638388.4789014, 1736638388.676226, 52.67271843612192]","[1736638817.1642241, 1736638817.3599532, 51.819136248946165]","[1736639249.76584, 1736639249.9629173, 52.50579851889609]"
"[1736637524.5797935, 1736637524.775502, 50.930093451261534]","[1736637959.8739104, 1736637960.0709643, 53.18516520881654]","[1736638389.357151, 1736638389.5546563, 52.94258958196639]","[1736638818.054686, 1736638818.250753, 51.82442568850517]","[1736639250.66229, 1736639250.858852, 52.06615494298935]"
"[1736637525.460208, 1736637525.6558878, 50.88179165649412]","[1736637960.7601357, 1736637960.9575565, 53.3080607947111]","[1736638390.237104, 1736638390.434567, 52.86709224832057]","[1736638818.9383218, 1736638819.1342607, 51.815877617835994]","[1736639251.5517797, 1736639251.7489657, 52.67947996795177]"
"[1736637526.3403723, 1736637526.5360343, 50.965387351155286]","[1736637961.6524599, 1736637961.8495255, 52.897000869035715]","[1736638391.1151967, 1736638391.312495, 52.736601780414595]","[1736638819.8273716, 1736638820.0228682, 52.00421463477612]","[1736639252.4416811, 1736639252.6383638, 52.34427744960784]"
"[1736637527.2296932, 1736637527.4245849, 50.57225272285939]","[1736637962.5448656, 1736637962.7417622, 52.57716127288341]","[1736638391.9970922, 1736638392.1945987, 52.672605301976226]","[1736638820.7172341, 1736638820.9134293, 51.827510882077895]","[1736639253.3332407, 1736639253.5302396, 52.78426755368709]"
"[1736637528.1179466, 1736637528.31354, 50.85366439843178]","[1736637963.4399989, 1736637963.6371303, 52.634502113103856]","[1736638392.8762836, 1736638393.0737584, 52.9079332792759]","[1736638821.5307758, 1736638821.7267897, 52.05924266767502]","[1736639254.2261004, 1736639254.4236734, 52.78884644865992]"
"[1736637529.0043874, 1736637529.1996062, 50.91380968880654]","[1736637964.3353665, 1736637964.532921, 52.398432381098836]","[1736638393.7522447, 1736638393.9498596, 52.883080571293846]","[1736638822.4137578, 1736638822.6100664, 52.02830912017823]","[1736639255.120535, 1736639255.3171082, 52.33456786203386]"
"[1736637529.8899195, 1736637530.0849187, 50.839665172815316]","[1736637965.1541414, 1736637965.3517356, 52.79139099001883]","[1736638394.6331131, 1736638394.8306873, 52.52707869398593]","[1736638823.226238, 1736638823.4219303, 52.04870508933068]","[1736639256.0074499, 1736639256.2049544, 53.14637390995024]"
"[1736637530.7762492, 1736637530.971936, 50.75846163797378]","[1736637966.0518734, 1736637966.2488744, 52.28009534335137]","[1736638395.516337, 1736638395.71383, 52.47681207323076]","[1736638824.1146872, 1736638824.3111777, 51.93169795508442]","[1736639256.9037218, 1736639257.1007123, 52.67022732913493]"
"[1736637531.656336, 1736637531.852041, 50.97009860968591]","[1736637966.9432986, 1736637967.1402445, 52.784577794671065]","[1736638396.3952906, 1736638396.5927916, 52.72464297449588]","[1736638824.927409, 1736638825.1231213, 51.98958420169354]","[1736639257.7911718, 1736639257.9881232, 52.42874738895891]"
"[1736637532.5401008, 1736637532.735761, 51.139443119764316]","[1736637967.83648, 1736637968.0339034, 52.53084329447583]","[1736638397.2763307, 1736638397.4738672, 52.870572562813734]","[1736638825.8128839, 1736638826.0091937, 51.786067865017465]","[1736639258.686809, 1736639258.8842516, 52.66029760599137]"
"[1736637533.4315367, 1736637533.6264718, 50.53725818657876]","[1736637968.7312756, 1736637968.9282603, 52.08834200024605]","[1736638398.1484306, 1736638398.345994, 52.936528425216665]","[1736638826.6245522, 1736638826.8202312, 52.06033908486368]","[1736639259.5033088, 1736639259.7003403, 52.70300535464285]"
"[1736637534.316816, 1736637534.5125241, 50.92955635130403]","[1736637969.6156204, 1736637969.8130534, 52.793709177494044]","[1736638399.0292883, 1736638399.2269022, 52.256513081972905]","[1736638827.5141785, 1736638827.7101393, 51.59047162017654]","[1736639260.392284, 1736639260.589267, 52.681937247633925]"
"[1736637535.202412, 1736637535.3976083, 51.19170275092125]","[1736637970.5140226, 1736637970.7115617, 52.15199655973909]","[1736638399.9125607, 1736638400.109961, 52.37829452872277]","[1736638828.410689, 1736638828.606857, 51.45494846541893]","[1736639261.284439, 1736639261.481951, 52.63192997748799]"
"[1736637536.0939295, 1736637536.2891986, 50.99474787342549]","[1736637971.4068766, 1736637971.6034966, 52.12098261308671]","[1736638400.7902677, 1736638400.988045, 52.61501497292518]","[1736638829.2947414, 1736638829.4907587, 51.727970093250285]","[1736639262.1734521, 1736639262.3702602, 52.11631150496005]"
"[1736637536.9753206, 1736637537.170962, 51.27709862768649]","[1736637972.2954295, 1736637972.492891, 52.68876032197475]","[1736638401.6703188, 1736638401.8679247, 52.54593406939506]","[1736638830.1780028, 1736638830.3739638, 51.72829236340523]","[1736639263.0658638, 1736639263.2632897, 52.53162998569012]"
"[1736637537.8606968, 1736637538.0561695, 50.774706718087195]","[1736637973.1918263, 1736637973.38911, 52.36158076453211]","[1736638402.5519242, 1736638402.7492752, 52.669875419139856]","[1736638831.0696678, 1736638831.265726, 51.58846517956259]","[1736639263.963159, 1736639264.1605036, 52.06568135261535]"
"[1736637538.7491493, 1736637538.944227, 50.64091685712336]","[1736637974.0852582, 1736637974.2819965, 52.13166583335399]","[1736638403.4321573, 1736638403.6294372, 52.71649410486221]","[1736638831.9516535, 1736638832.1478739, 51.96469298410418]","[1736639264.8583946, 1736639265.0550811, 51.76779615092277]"
"[1736637539.651002, 1736637539.8467407, 50.45655444264413]","[1736637974.9769118, 1736637975.1738725, 52.89858331704138]","[1736638404.3127012, 1736638404.5100594, 52.53426069724561]","[1736638832.871774, 1736638833.068008, 51.637964308500266]","[1736639265.6726136, 1736639265.8694856, 52.76452542591097]"
"[1736637540.5370944, 1736637540.7327662, 51.13210253334045]","[1736637975.870957, 1736637976.068315, 52.69147451734542]","[1736638405.1970382, 1736638405.3943863, 52.56190332674981]","[1736638833.6854527, 1736638833.8810508, 52.07575471711157]","[1736639266.56137, 1736639266.758422, 52.55134562206267]"
"[1736637541.4283087, 1736637541.623273, 50.837025627017034]","[1736637976.7646496, 1736637976.9612641, 52.350592013597485]","[1736638406.0842173, 1736638406.2816997, 52.717875892639164]","[1736638834.5723035, 1736638834.7684069, 52.00034972929954]","[1736639267.3754516, 1736639267.5721407, 52.5170025036335]"
"[1736637542.312888, 1736637542.5085514, 51.055264093279824]","[1736637977.6577904, 1736637977.854714, 52.70840166974069]","[1736638406.968581, 1736638407.1661775, 52.66052240908147]","[1736638835.3863378, 1736638835.5823948, 52.376835584878926]","[1736639268.2622952, 1736639268.4593923, 52.46532839906216]"
"[1736637543.1970894, 1736637543.3927555, 51.162982037305824]","[1736637978.5473015, 1736637978.7440355, 52.69494336581228]","[1736638407.855273, 1736638408.052626, 52.52967970740796]","[1736638836.2729542, 1736638836.468881, 51.98787946951389]","[1736639269.1582735, 1736639269.3550823, 51.965805251002315]"
"[1736637544.079675, 1736637544.2749553, 51.152406280875205]","[1736637979.35791, 1736637979.5550654, 53.184024397373214]","[1736638408.7339187, 1736638408.9312565, 52.73162690412999]","[1736638837.1691399, 1736638837.3714583, 52.996239289045334]","[1736639269.9718852, 1736639270.1686828, 52.82392417716982]"
"[1736637544.960617, 1736637545.1558242, 51.07004911041262]","[1736637980.247072, 1736637980.4439738, 52.59199472892285]","[1736638409.6109676, 1736638409.8082757, 52.5890569615364]","[1736638838.06284, 1736638838.2584732, 51.43184809792042]","[1736639270.868305, 1736639271.0653093, 52.53393847799302]"
"[1736637545.8395114, 1736637546.0347798, 51.05060500872135]","[1736637981.137471, 1736637981.3346152, 52.57909048736095]","[1736638410.488435, 1736638410.6860425, 52.74388999044895]","[1736638838.952268, 1736638839.1478279, 51.708023083925255]","[1736639271.7580135, 1736639271.9550264, 52.37952154016496]"
"[1736637546.7305608, 1736637546.9263444, 50.853841289162645]","[1736637982.0301328, 1736637982.2271667, 52.30802104914189]","[1736638411.3646884, 1736638411.5622177, 52.529352130770675]","[1736638839.876359, 1736638840.0719094, 51.170671486139305]","[1736639272.571435, 1736639272.7682686, 52.78344117116931]"
"[1736637547.6138365, 1736637547.809505, 51.23557972848416]","[1736637982.8435154, 1736637983.040189, 52.61218775641919]","[1736638412.2471287, 1736638412.4447477, 52.51405786895753]","[1736638840.689158, 1736638840.8852537, 52.25776731467247]","[1736639273.4603915, 1736639273.6575003, 52.4534087023735]"
"[1736637548.4962451, 1736637548.6916916, 51.32018952655792]","[1736637983.737186, 1736637983.934114, 52.45776831102373]","[1736638413.1292505, 1736638413.3265321, 52.44071674573419]","[1736638841.5855966, 1736638841.7815022, 51.418836918711655]","[1736639274.2766485, 1736639274.473711, 52.46463442504406]"
"[1736637549.388107, 1736637549.5838673, 51.34324414491656]","[1736637984.6286054, 1736637984.8259265, 52.24590340995789]","[1736638414.008687, 1736638414.2061057, 52.54395834064482]","[1736638842.3987722, 1736638842.5942776, 52.37365180563926]","[1736639275.1619864, 1736639275.3594403, 52.68549125289916]"
"[1736637550.2741463, 1736637550.4697433, 51.16463284671696]","[1736637985.525736, 1736637985.7225807, 51.887803976058976]","[1736638414.8842049, 1736638415.081654, 52.55530553984642]","[1736638843.2850883, 1736638843.4810925, 51.878088216662405]","[1736639276.0581646, 1736639276.2551987, 51.846703322052946]"
"[1736637551.2288623, 1736637551.4240572, 50.0020501675606]","[1736637986.4125469, 1736637986.6095557, 52.414811789751056]","[1736638415.7593026, 1736638415.956551, 52.28239479494094]","[1736638844.168731, 1736638844.3649623, 51.88059739518167]","[1736639276.953408, 1736639277.1502354, 51.947478797793394]"
"[1736637552.1107192, 1736637552.3063874, 51.454031115889556]","[1736637987.3054163, 1736637987.5024948, 52.29225501978396]","[1736638416.631954, 1736638416.8293023, 52.872486595034594]","[1736638845.0543196, 1736638845.250175, 51.726368529558194]","[1736639277.845355, 1736639278.042265, 52.22590451788903]"
"[1736637552.996658, 1736637553.1918864, 51.16700930428506]","[1736637988.1197772, 1736637988.3164022, 52.74716266512871]","[1736638417.5132883, 1736638417.710506, 52.60180281627178]","[1736638845.9418995, 1736638846.137591, 51.607219294786454]","[1736639278.735013, 1736639278.9317803, 52.30809593451022]"
"[1736637553.8846602, 1736637554.0803099, 51.238407351255425]","[1736637989.0079603, 1736637989.205267, 52.54717411851883]","[1736638418.393333, 1736638418.590388, 52.80978363132474]","[1736638846.8301492, 1736638847.026044, 51.90344412302969]","[1736639279.623747, 1736639279.8206608, 52.39042789506912]"
"[1736637554.7665992, 1736637554.9623742, 51.09045743433513]","[1736637989.900604, 1736637990.0972657, 52.069247565269464]","[1736638419.2727304, 1736638419.4700358, 52.82689347052573]","[1736638847.72186, 1736638847.9175792, 51.799735951781265]","[1736639280.5207815, 1736639280.7182348, 52.3939441217184]"
"[1736637555.6520731, 1736637555.8477612, 51.11421599376202]","[1736637990.7929993, 1736637990.989927, 52.34546258771418]","[1736638420.152771, 1736638420.3500915, 52.92456862187384]","[1736638848.607307, 1736638848.803492, 51.9095298529181]","[1736639281.4167194, 1736639281.6136107, 52.13543376243114]"
"[1736637556.537202, 1736637556.7323735, 50.892805843353266]","[1736637991.6859968, 1736637991.8832803, 52.579339248299604]","[1736638421.0330896, 1736638421.2303, 52.80853045225143]","[1736638849.4997818, 1736638849.6954672, 51.59139630532265]","[1736639282.3028142, 1736639282.4996061, 52.49749531364439]"
"[1736637557.4197762, 1736637557.61471, 50.974919628620135]","[1736637992.5777173, 1736637992.7744865, 52.12630079126357]","[1736638421.9119685, 1736638422.1092634, 52.80784289205075]","[1736638850.3900545, 1736638850.5858579, 51.50315573024749]","[1736639283.1931171, 1736639283.3897884, 52.3759464570284]"
"[1736637558.3034556, 1736637558.4988863, 51.08213542938232]","[1736637993.4696937, 1736637993.666823, 52.66179163813591]","[1736638422.7899618, 1736638422.9873996, 52.639405400514605]","[1736638851.2829895, 1736638851.4790895, 51.445552103042615]","[1736639284.07868, 1736639284.276295, 52.493398401586596]"
"[1736637559.186322, 1736637559.381506, 51.02480855834485]","[1736637994.3617966, 1736637994.5586145, 52.51877146291733]","[1736638423.6688886, 1736638423.866356, 52.7008371545076]","[1736638852.1706204, 1736638852.3665214, 51.77069016385079]","[1736639284.9614768, 1736639285.1583822, 52.147575121760376]"
"[1736637560.074047, 1736637560.2694144, 51.337808891415605]","[1736637995.1764174, 1736637995.3732393, 53.13462875175476]","[1736638424.5487602, 1736638424.746269, 52.81007849097252]","[1736638853.0581822, 1736638853.2538545, 51.4732109928131]","[1736639285.8532968, 1736639286.0501142, 52.19428167307375]"
"[1736637560.9622884, 1736637561.1579053, 50.854099938869474]","[1736637996.066067, 1736637996.2632709, 52.43624374830724]","[1736638425.4282718, 1736638425.6257453, 52.8267492080927]","[1736638853.9417317, 1736638854.1377552, 51.9190072350502]","[1736639286.7394423, 1736639286.936203, 52.28376065027713]"
"[1736637561.8492358, 1736637562.0449421, 50.86684971070292]","[1736637996.9534335, 1736637997.1503708, 52.3892624502182]","[1736638426.3121345, 1736638426.5093606, 52.59179310250285]","[1736638854.8292582, 1736638855.025046, 51.962456682205215]","[1736639287.6345801, 1736639287.831687, 52.04041484081744]"
"[1736637562.7334082, 1736637562.9287949, 51.04936392402648]","[1736637997.8463805, 1736637998.0438328, 52.61458359241486]","[1736638427.1847308, 1736638427.382106, 52.651888481616986]","[1736638855.7162228, 1736638855.911441, 51.769885773301134]","[1736639288.5230305, 1736639288.719904, 52.13025362777708]"
"[1736637563.626883, 1736637563.8225477, 51.18586242508886]","[1736637998.7408075, 1736637998.9377685, 52.38919762575627]","[1736638428.0642958, 1736638428.2618892, 52.63834951770306]","[1736638856.6055856, 1736638856.8018079, 51.517129809856414]","[1736639289.414225, 1736639289.611292, 52.37807503151891]"
"[1736637564.5129523, 1736637564.708325, 51.25366908740998]","[1736637999.6298234, 1736637999.8267736, 52.439347029685976]","[1736638428.9443314, 1736638429.1416492, 52.60968627643588]","[1736638857.4922576, 1736638857.6880827, 51.5193867126703]","[1736639290.3070505, 1736639290.5033972, 52.200472692608834]"
"[1736637565.3979812, 1736637565.5929868, 51.28762960898876]","[1736638000.520499, 1736638000.7173193, 52.22270314359663]","[1736638429.8230977, 1736638430.0206695, 52.69240267896654]","[1736638858.3831866, 1736638858.5792081, 51.49863809967043]","[1736639291.1950157, 1736639291.391698, 52.6059038439989]"
"[1736637566.2878208, 1736637566.4834504, 51.31289296030997]","[1736638001.409431, 1736638001.6063447, 52.31721288585665]","[1736638430.7003922, 1736638430.8978643, 52.41818647599218]","[1736638859.2828267, 1736638859.478887, 51.20251030516626]","[1736639292.0768392, 1736639292.2742712, 52.916550032964516]"
"[1736637567.173321, 1736637567.3684523, 51.126770913600915]","[1736638002.2994676, 1736638002.4961953, 52.25010036146641]","[1736638431.585008, 1736638431.782411, 52.27546156930923]","[1736638860.0963304, 1736638860.2920804, 51.93998912227154]","[1736639292.9668112, 1736639293.1630945, 51.875592838406554]"
"[1736637568.064126, 1736637568.259716, 51.12415838359259]","[1736638003.185144, 1736638003.382538, 52.48800582432748]","[1736638432.4603539, 1736638432.658195, 52.725307540535916]","[1736638860.9850192, 1736638861.1811671, 51.785725536704064]","[1736639293.8540225, 1736639294.051132, 52.14737824451923]"
"[1736637568.9505029, 1736637569.1459944, 51.08300406277182]","[1736638004.0817068, 1736638004.27902, 52.34640201473238]","[1736638433.3418252, 1736638433.5397313, 52.62546883201598]","[1736638861.8721871, 1736638862.067607, 51.549673942327495]","[1736639294.7810357, 1736639294.9771361, 51.17056486666203]"
"[1736637569.8371499, 1736637570.0321097, 50.88692210912703]","[1736638004.9778078, 1736638005.174488, 52.00990717339516]","[1736638434.220883, 1736638434.4187346, 52.349696931069055]","[1736638862.7608142, 1736638862.9569397, 51.817857234478005]","[1736639295.6817653, 1736639295.8779469, 51.78831763625145]"
"[1736637570.7255356, 1736637570.921231, 50.901360159873974]","[1736638005.7869315, 1736638005.984285, 53.364378436326994]","[1736638435.1033738, 1736638435.3006792, 52.18647075533867]","[1736638863.6461368, 1736638863.8418355, 51.91893358588219]","[1736639296.4943485, 1736639296.6913815, 52.78984959769249]"
"[1736637571.6121492, 1736637571.807286, 51.108812355995155]","[1736638006.680816, 1736638006.87812, 52.39255966985226]","[1736638435.9814847, 1736638436.1790988, 52.55120871305465]","[1736638864.5389063, 1736638864.73491, 51.82333626461029]","[1736639297.3858025, 1736639297.581392, 52.160658503890026]"
"[1736637572.5013034, 1736637572.6970248, 51.36464722537994]","[1736638007.5686944, 1736638007.7656841, 52.08217246317862]","[1736638436.8609293, 1736638437.0585585, 52.50487689232828]","[1736638865.422191, 1736638865.6184683, 52.101910724639886]","[1736639298.273442, 1736639298.4700208, 52.048491127967814]"
"[1736637573.383285, 1736637573.5789444, 51.65451196551323]","[1736638008.4618654, 1736638008.6588707, 52.313746280670166]","[1736638437.736843, 1736638437.934315, 52.354615147352206]","[1736638866.31293, 1736638866.5081918, 51.70413719844818]","[1736639299.0888379, 1736639299.2856023, 52.55872226214407]"
"[1736637574.2661588, 1736637574.4617107, 51.160010073824424]","[1736638009.3589184, 1736638009.555973, 52.25329156625274]","[1736638438.6132152, 1736638438.8104646, 52.34828834902023]","[1736638867.122555, 1736638867.3189695, 52.29779078805447]","[1736639299.9773958, 1736639300.173846, 52.355263961315146]"
"[1736637575.1558511, 1736637575.3507812, 50.86141836798191]","[1736638010.246272, 1736638010.4431596, 52.5171911381483]","[1736638439.4902487, 1736638439.687405, 52.626568659543985]","[1736638868.0055406, 1736638868.2013288, 52.53457961416245]","[1736639300.787575, 1736639300.9841535, 52.758334985733015]"
"[1736637576.038164, 1736637576.2338278, 51.0871845281124]","[1736638011.1405625, 1736638011.3375533, 52.53913234341147]","[1736638440.3698435, 1736638440.566794, 52.47035345149038]","[1736638868.8915102, 1736638869.087169, 51.72213463938237]","[1736639301.6713102, 1736639301.8679314, 52.05285612619161]"
"[1736637576.9250348, 1736637577.1208072, 51.12130971860885]","[1736638012.034406, 1736638012.2309725, 52.294210876822476]","[1736638441.2502768, 1736638441.447406, 53.0410101414919]","[1736638869.7772834, 1736638869.9733095, 51.72469091677664]","[1736639302.5581064, 1736639302.7543871, 51.86830292952061]"
"[1736637577.8173907, 1736637578.0128608, 50.91717338562011]","[1736638012.925218, 1736638013.1221967, 52.38127558338642]","[1736638442.129779, 1736638442.326913, 53.10106627726555]","[1736638870.6615531, 1736638870.8575785, 51.88793797683716]","[1736639303.4513736, 1736639303.6479394, 51.71250777554514]"
"[1736637578.708399, 1736637578.9035563, 51.02688696968556]","[1736638013.8199956, 1736638014.0170496, 52.20676575973329]","[1736638443.0090916, 1736638443.2060723, 52.67498701286317]","[1736638871.5587926, 1736638871.7549243, 51.4665453915596]","[1736639304.3442953, 1736639304.5400436, 51.160436776638036]"
"[1736637579.599136, 1736637579.7950275, 51.49990261745451]","[1736638014.709155, 1736638014.9059932, 52.09302731776237]","[1736638443.8898168, 1736638444.0869143, 52.543695820331564]","[1736638872.4487047, 1736638872.6441274, 51.37324088358878]","[1736639305.233211, 1736639305.429585, 51.853565237522126]"
"[1736637580.484858, 1736637580.680504, 51.53787892317773]","[1736638015.602352, 1736638015.7990224, 51.94890901768206]","[1736638444.7610784, 1736638444.958433, 52.98354855763912]","[1736638873.338192, 1736638873.5342724, 51.83412359762192]","[1736639306.1222117, 1736639306.3185098, 52.12794988393785]"
"[1736637581.371174, 1736637581.566195, 51.372511079192144]","[1736638016.4970527, 1736638016.6941304, 52.12910211646557]","[1736638445.6385477, 1736638445.8362174, 52.94619842255115]","[1736638874.259617, 1736638874.4559042, 51.24655146968366]","[1736639307.0133817, 1736639307.2101655, 52.32906312894823]"
"[1736637582.2579849, 1736637582.4537184, 51.27439204660387]","[1736638017.391658, 1736638017.5881813, 51.8410411504507]","[1736638446.5184035, 1736638446.7159863, 52.30342617058755]","[1736638875.1542559, 1736638875.349907, 51.29898975455762]","[1736639307.9003544, 1736639308.0967712, 52.08430026495457]"
"[1736637583.145263, 1736637583.3407826, 51.18992919814585]","[1736638018.2022023, 1736638018.3991678, 52.7562021485567]","[1736638447.3968515, 1736638447.5942764, 52.301853236794464]","[1736638876.0421112, 1736638876.2380047, 51.87078341722489]","[1736639308.790181, 1736639308.9866447, 52.1106368649006]"
"[1736637584.0295746, 1736637584.2247133, 50.97848040223123]","[1736638019.0927186, 1736638019.2893784, 52.40975209712983]","[1736638448.278023, 1736638448.4756458, 52.356940597891786]","[1736638876.9335175, 1736638877.1292005, 51.65690805482866]","[1736639309.6863232, 1736639309.8821151, 52.09578429460525]"
"[1736637584.9171033, 1736637585.1130197, 51.14341502451898]","[1736638019.9812248, 1736638020.1784325, 52.46813396453859]","[1736638449.1587815, 1736638449.356368, 52.46929280138016]","[1736638877.8220625, 1736638878.0178564, 52.02970201742649]","[1736639310.573532, 1736639310.7700393, 52.37401351940632]"
"[1736637585.8053896, 1736637586.000992, 51.222805549740784]","[1736638020.8743382, 1736638021.071333, 52.1263033773899]","[1736638450.0418637, 1736638450.2394226, 52.7943617529869]","[1736638878.716279, 1736638878.9123392, 51.905344318151464]","[1736639311.4677467, 1736639311.663818, 51.77299264298109]"
"[1736637586.6907103, 1736637586.885657, 51.22488511633875]","[1736638021.6858723, 1736638021.8827214, 52.954577525138845]","[1736638450.9189558, 1736638451.116352, 52.73724888670445]","[1736638879.6049244, 1736638879.8008041, 51.667460837841055]","[1736639312.354012, 1736639312.5504313, 52.02687743842602]"
"[1736637587.5720768, 1736637587.7670646, 51.17283439743518]","[1736638022.5759227, 1736638022.7732723, 52.30418748402596]","[1736638451.7975316, 1736638451.9951205, 52.415535906076435]","[1736638880.4960005, 1736638880.6921659, 51.73095193280297]","[1736639313.2456384, 1736639313.4417922, 51.887279952049255]"
"[1736637588.4569774, 1736637588.653044, 51.32539374813825]","[1736638023.4641483, 1736638023.6609788, 52.091149704098704]","[1736638452.6731305, 1736638452.8705966, 52.33839394617082]","[1736638881.392183, 1736638881.587801, 51.31572015166282]","[1736639314.1301146, 1736639314.326618, 52.33361236071586]"
"[1736637589.3395307, 1736637589.5351713, 51.01578587031364]","[1736638024.3569176, 1736638024.55413, 52.46059066009521]","[1736638453.5545974, 1736638453.752183, 52.4970067304373]","[1736638882.2766259, 1736638882.4728925, 51.74067253494261]","[1736639315.0261724, 1736639315.222306, 51.86194534087181]"
"[1736637590.2333584, 1736637590.4290733, 50.954542308092115]","[1736638025.2557983, 1736638025.4528627, 52.45274585199356]","[1736638454.4359775, 1736638454.6338046, 52.74178411579132]","[1736638883.1645765, 1736638883.3605185, 51.328248431086536]","[1736639315.8323452, 1736639316.0288308, 52.858491933345796]"
"[1736637591.1207561, 1736637591.316396, 51.14597308111193]","[1736638026.149511, 1736638026.3461432, 52.10990479469301]","[1736638455.3172083, 1736638455.5147674, 52.380514930009845]","[1736638884.0547853, 1736638884.250943, 51.60894778311252]","[1736639316.7164514, 1736639316.9123752, 52.13827242016792]"
"[1736637592.0095143, 1736637592.20454, 50.88391420149801]","[1736638027.0465503, 1736638027.2428296, 52.23550120687486]","[1736638456.1982834, 1736638456.3956537, 52.292721744775776]","[1736638884.9409976, 1736638885.1369433, 51.78373440802097]","[1736639317.6074114, 1736639317.8039138, 52.291039408922174]"
"[1736637592.8954527, 1736637593.09118, 51.21590299856663]","[1736638027.9370115, 1736638028.1340568, 52.55814185667038]","[1736638457.0752037, 1736638457.2728508, 52.6941582260132]","[1736638885.8347924, 1736638886.0308683, 51.72960513973237]","[1736639318.493141, 1736639318.68941, 52.02737069427968]"
"[1736637593.7779784, 1736637593.9736593, 51.61763468694685]","[1736638028.8271046, 1736638029.0237236, 52.43341227579118]","[1736638457.9570796, 1736638458.1545882, 52.4645506310463]","[1736638886.7274888, 1736638886.9230425, 51.85574814224243]","[1736639319.386586, 1736639319.5829504, 52.19832202851771]"
"[1736637594.6679506, 1736637594.8627632, 51.258113533616076]","[1736638029.718073, 1736638029.914968, 52.226577542304994]","[1736638458.8310287, 1736638459.0284557, 52.70626987218858]","[1736638887.6136858, 1736638887.8098102, 51.942059973716745]","[1736639320.2705867, 1736639320.4670076, 52.18119191956519]"
"[1736637595.551268, 1736637595.7468371, 51.13256815719605]","[1736638030.6091254, 1736638030.8058026, 52.1011177932024]","[1736638459.7076385, 1736638459.9048896, 52.19209356462956]","[1736638888.4258904, 1736638888.6215556, 52.23421520853041]","[1736639321.1547308, 1736639321.3506508, 51.980760446906096]"
"[1736637596.4339285, 1736637596.629774, 51.2426913291216]","[1736638031.4948523, 1736638031.6920805, 52.36208475089075]","[1736638460.58006, 1736638460.7774274, 52.78976306152343]","[1736638889.313531, 1736638889.5096664, 51.92385713660716]","[1736639322.0424056, 1736639322.238232, 51.79475589299202]"
"[1736637597.3159666, 1736637597.5116465, 51.403228356242174]","[1736638032.391447, 1736638032.588435, 51.971748895287504]","[1736638461.459432, 1736638461.6570125, 52.77670979988572]","[1736638890.1183414, 1736638890.3144019, 52.372830284714695]","[1736639322.925234, 1736639323.121856, 52.215540432810805]"
"[1736637598.2078443, 1736637598.402783, 51.19728950500486]","[1736638033.2807467, 1736638033.4776096, 52.11126216614246]","[1736638462.3393342, 1736638462.53692, 52.900953668594354]","[1736638891.0015464, 1736638891.1973906, 52.081450809955605]","[1736639323.812366, 1736639324.008456, 51.803385967493064]"
"[1736637599.0929317, 1736637599.288811, 51.480989450216285]","[1736638034.1728332, 1736638034.3698947, 52.006353828907024]","[1736638463.2141948, 1736638463.4118314, 52.951400067603224]","[1736638891.8948607, 1736638892.0914133, 51.62445751359148]","[1736639324.704892, 1736639324.9015331, 51.97311460733414]"
"[1736637599.980903, 1736637600.176428, 51.357533009648314]","[1736638035.0624452, 1736638035.2592888, 52.056271362543086]","[1736638464.0963833, 1736638464.2937448, 52.39597237324714]","[1736638892.780694, 1736638892.976531, 51.43513159501552]","[1736639325.514698, 1736639325.710621, 52.39652946579456]"
"[1736637600.8669956, 1736637601.0619404, 51.14454679393769]","[1736638035.953054, 1736638036.150321, 52.32397414314747]","[1736638464.974472, 1736638465.172097, 52.70264871287347]","[1736638893.670762, 1736638893.8668659, 51.67277326071261]","[1736639326.4042482, 1736639326.6008394, 52.06015745115282]"
"[1736637601.7507858, 1736637601.9463992, 51.1917722113325]","[1736638036.847429, 1736638037.04402, 52.31581534945967]","[1736638465.850132, 1736638466.0477078, 52.574662135958675]","[1736638894.556748, 1736638894.752956, 51.95585029613972]","[1736639327.2940116, 1736639327.4899354, 51.96122054982186]"
"[1736637602.6333897, 1736637602.8292115, 51.28019372701646]","[1736638037.7342026, 1736638037.9312212, 52.6026150714159]","[1736638466.7302425, 1736638466.9277956, 52.48127389883994]","[1736638895.4488304, 1736638895.6448872, 51.54286619484424]","[1736639328.1834023, 1736639328.379413, 51.97181739413739]"
"[1736637603.5210729, 1736637603.7162642, 51.157532666683196]","[1736638038.6253555, 1736638038.821873, 52.40309505414964]","[1736638467.603137, 1736638467.8001986, 52.303320523381245]","[1736638896.3382246, 1736638896.533973, 51.704824021697036]","[1736639328.9958804, 1736639329.1914918, 52.531027278423295]"
"[1736637604.4078505, 1736637604.603519, 51.06201432037354]","[1736638039.5175076, 1736638039.714374, 52.2469103858471]","[1736638468.4809086, 1736638468.6781588, 52.89762427902222]","[1736638897.2301788, 1736638897.4262872, 51.873837841153154]","[1736639329.880255, 1736639330.0762022, 52.05015317773819]"
"[1736637605.2973707, 1736637605.4928777, 51.12253722953797]","[1736638040.411322, 1736638040.6083832, 52.07502315672528]","[1736638469.3580077, 1736638469.5554047, 52.89304380130766]","[1736638898.1156447, 1736638898.3117664, 52.13345377683638]","[1736639330.7655282, 1736639330.961984, 51.90786390842996]"
"[1736637606.1882272, 1736637606.3838477, 51.34906761240958]","[1736638041.3084226, 1736638041.505336, 51.616363939771475]","[1736638470.2334595, 1736638470.4310265, 53.115820062875734]","[1736638899.0083725, 1736638899.2041829, 51.807789917707424]","[1736639331.6519642, 1736639331.847908, 51.778506909370414]"
"[1736637607.072472, 1736637607.2681413, 51.270204658865936]","[1736638042.2029998, 1736638042.3996055, 51.81308568954467]","[1736638471.1092389, 1736638471.306991, 52.510831408618095]","[1736638899.8949218, 1736638900.090862, 51.84244443541652]","[1736639332.5413215, 1736639332.7374296, 51.741646342396734]"
"[1736637607.9609578, 1736637608.1560266, 51.273567067861556]","[1736638043.0935493, 1736638043.2901716, 52.19683255088329]","[1736638471.9928594, 1736638472.1904418, 52.0460546953678]","[1736638900.705594, 1736638900.901311, 52.03747325730325]","[1736639333.4221463, 1736639333.618511, 52.05107212686539]"
"[1736637608.8507612, 1736637609.0464892, 51.219229844037656]","[1736638043.9860342, 1736638044.1827044, 51.93770948910715]","[1736638472.8717415, 1736638473.069451, 52.59779731082916]","[1736638901.590497, 1736638901.786584, 51.72594448256225]","[1736639334.302642, 1736639334.4987383, 51.87486438941956]"
"[1736637609.7328775, 1736637609.928553, 51.2173887706995]","[1736638044.7950082, 1736638044.9918022, 52.7951155475378]","[1736638473.74885, 1736638473.9463344, 52.619419901847856]","[1736638902.402378, 1736638902.597961, 51.921822823524465]","[1736639335.1915653, 1736639335.3874938, 52.08667058801651]"
"[1736637610.6260529, 1736637610.8210921, 50.75446698987484]","[1736638045.6862035, 1736638045.8832262, 52.35074373805523]","[1736638474.6274533, 1736638474.824924, 52.432603188514705]","[1736638903.285739, 1736638903.481439, 51.496064933300005]","[1736639336.070981, 1736639336.2668772, 52.01191250050066]"
"[1736637611.51322, 1736637611.7088587, 51.06177695536615]","[1736638046.5746973, 1736638046.7713215, 52.10646745622159]","[1736638475.5069804, 1736638475.7044353, 52.37514753390813]","[1736638904.1731126, 1736638904.369206, 51.75706349599363]","[1736639336.9579637, 1736639337.1539822, 51.764512437582006]"
"[1736637612.4098506, 1736637612.6055129, 51.23343524610996]","[1736638047.4680164, 1736638047.6646101, 52.16000485897066]","[1736638476.3810382, 1736638476.5781512, 52.472823016762725]","[1736638905.0700307, 1736638905.2661226, 51.458429193139075]","[1736639337.8395307, 1736639338.0355952, 51.843290574908245]"
"[1736637613.3134873, 1736637613.5091014, 51.34932541632652]","[1736638048.2815201, 1736638048.4781594, 53.18053109610081]","[1736638477.2606435, 1736638477.4577677, 52.73150915145875]","[1736638905.9651291, 1736638906.1607544, 51.16311986875535]","[1736639338.7227752, 1736639338.9192483, 52.141439897656426]"
"[1736637614.2169921, 1736637614.4121265, 51.06474160897731]","[1736638049.1702945, 1736638049.3667848, 52.660849816083875]","[1736638478.1399565, 1736638478.3370097, 52.9386732648611]","[1736638906.8480742, 1736638907.044163, 51.73481084287166]","[1736639339.6153991, 1736639339.811119, 51.42307969594002]"
"[1736637615.1141438, 1736637615.3097863, 51.08602676534651]","[1736638050.0663798, 1736638050.2623286, 52.39755177068711]","[1736638479.0119085, 1736638479.2094672, 52.8936551463604]","[1736638907.7337468, 1736638907.9295478, 51.768755348682426]","[1736639340.4971385, 1736639340.6932123, 52.038968671917935]"
"[1736637616.0009499, 1736637616.1959496, 51.208546988725665]","[1736638050.9724379, 1736638051.168908, 52.31625141835212]","[1736638479.8927398, 1736638480.0901206, 52.62608369505405]","[1736638908.623134, 1736638908.8188376, 51.6828228777647]","[1736639341.3820212, 1736639341.578457, 52.35923154747484]"
"[1736637616.9118624, 1736637617.107541, 50.85347539818288]","[1736638051.867204, 1736638052.063809, 51.925860694885245]","[1736638480.770421, 1736638480.9679086, 52.71980756354335]","[1736638909.4286692, 1736638909.6249845, 52.541590396881105]","[1736639342.2728584, 1736639342.4685955, 51.88033163583279]"
"[1736637617.8075426, 1736637618.0032914, 51.192380873441714]","[1736638052.752229, 1736638052.9486518, 52.33376128458976]","[1736638481.6497273, 1736638481.8473585, 52.76017862975599]","[1736638910.3165736, 1736638910.5124772, 52.08725307142735]","[1736639343.150072, 1736639343.3458767, 51.741948420763]"
"[1736637618.6965508, 1736637618.8917496, 51.19498616003988]","[1736638053.6460764, 1736638053.8421524, 52.0268505306244]","[1736638482.5254788, 1736638482.7229528, 52.61665407216549]","[1736638911.128235, 1736638911.324601, 52.48677400088311]","[1736639344.0333307, 1736639344.2288306, 51.64124752461911]"
"[1736637619.5867581, 1736637619.7827814, 51.26389567017553]","[1736638054.573425, 1736638054.769561, 51.92651843369007]","[1736638483.409723, 1736638483.6072938, 52.433720223665226]","[1736638912.013147, 1736638912.2090664, 51.85058728051187]","[1736639344.9121456, 1736639345.1078198, 51.46514548134805]"
"[1736637620.4721081, 1736637620.6677432, 51.555243309617026]","[1736638055.4664984, 1736638055.663179, 52.65360310685636]","[1736638484.2885752, 1736638484.4861643, 52.47806041646005]","[1736638912.9066117, 1736638913.102725, 52.00253133547305]","[1736639345.7933264, 1736639345.9890513, 51.64975186669825]"
"[1736637621.3627512, 1736637621.5583868, 51.47308544313906]","[1736638056.3595676, 1736638056.5557961, 52.27517133641246]","[1736638485.1699517, 1736638485.3673236, 52.408930097579955]","[1736638913.7917423, 1736638913.987757, 52.03295283269882]","[1736639346.6782193, 1736639346.8746262, 51.79290403139592]"
"[1736637622.2459857, 1736637622.4420457, 51.25839034053659]","[1736638057.250051, 1736638057.4467623, 52.28641650009154]","[1736638486.047763, 1736638486.2455652, 52.810090211153025]","[1736638914.6862485, 1736638914.8824139, 51.51440811146944]","[1736639347.5557456, 1736639347.7517967, 51.724309422135356]"
"[1736637623.1313465, 1736637623.326946, 51.212497397899625]","[1736638058.1661472, 1736638058.362818, 52.21098709249496]","[1736638486.9283247, 1736638487.1258657, 52.61500749766827]","[1736638915.5731401, 1736638915.7691948, 51.64187399327755]","[1736639348.4347026, 1736639348.6307502, 52.13580866289138]"
"[1736637624.0219843, 1736637624.2175784, 50.91548943674563]","[1736638059.0568392, 1736638059.2532125, 52.027419380187986]","[1736638487.8081625, 1736638488.0057511, 52.665158415555965]","[1736638916.4649599, 1736638916.6610782, 51.40984883725642]","[1736639349.3171334, 1736639349.5132055, 51.89019645440579]"
"[1736637624.9129143, 1736637625.1083345, 50.89502708780763]","[1736638059.9513228, 1736638060.1473572, 51.86790570056438]","[1736638488.6831393, 1736638488.8805695, 52.37335914611816]","[1736638917.3611429, 1736638917.5567276, 51.41664865994455]","[1736639350.200636, 1736639350.3971481, 51.970666778087626]"
"[1736637625.8204873, 1736637626.016301, 50.66490444576739]","[1736638060.8451931, 1736638061.041548, 51.86051198852062]","[1736638489.5671544, 1736638489.764748, 52.2866161136627]","[1736638918.1692042, 1736638918.365629, 52.36995527315142]","[1736639351.09029, 1736639351.2860112, 51.85662818706036]"
"[1736637626.7089214, 1736637626.904401, 50.93073517513277]","[1736638061.7789366, 1736638061.9745786, 51.24800241482258]","[1736638490.4482033, 1736638490.645552, 52.358338031053535]","[1736638919.0638478, 1736638919.259955, 51.63695567333698]","[1736639351.9740322, 1736639352.1700604, 52.07011224746704]"
"[1736637627.600732, 1736637627.796594, 51.14641230356694]","[1736638062.6638908, 1736638062.8610249, 51.880797123312945]","[1736638491.3292468, 1736638491.5265992, 52.68804695367815]","[1736638919.8746367, 1736638920.070531, 52.29745694625378]","[1736639352.8589978, 1736639353.0554483, 52.2643073694806]"
"[1736637628.4854329, 1736637628.6815414, 51.14654175448419]","[1736638063.5593698, 1736638063.755591, 51.800126233339306]","[1736638492.2026892, 1736638492.4001706, 52.888455553913396]","[1736638920.7657292, 1736638920.9620304, 51.87587606692316]","[1736639353.6648777, 1736639353.86082, 51.993543203949926]"
"[1736637629.374561, 1736637629.5703526, 51.209119176864625]","[1736638064.446364, 1736638064.6433809, 52.28883780527114]","[1736638493.0835824, 1736638493.2811432, 52.2798726427555]","[1736638921.662713, 1736638921.8588307, 51.2376668753624]","[1736639354.5530746, 1736639354.7488413, 51.53049157106876]"
"[1736637630.267183, 1736637630.4634743, 51.21289743292333]","[1736638065.3725572, 1736638065.5686846, 51.642305168032635]","[1736638493.9660814, 1736638494.1639419, 52.24579265403747]","[1736638922.5496259, 1736638922.7454185, 51.52783460783958]","[1736639355.4356482, 1736639355.631769, 51.60313546133042]"
"[1736637631.161988, 1736637631.357784, 50.94450816607477]","[1736638066.2654228, 1736638066.4620426, 51.88317117607594]","[1736638494.847423, 1736638495.0450234, 52.54624108469487]","[1736638923.446413, 1736638923.6429, 51.99405651235578]","[1736639356.3140461, 1736639356.5101035, 51.98738174676897]"
"[1736637632.0454462, 1736637632.2420442, 50.96788443560197]","[1736638067.169394, 1736638067.3658173, 52.3428543807268]","[1736638495.7286272, 1736638495.9261174, 52.826943640232074]","[1736638924.3383675, 1736638924.534039, 51.7139139726162]","[1736639357.1962807, 1736639357.3925781, 52.13919516134261]"
"[1736637632.9361687, 1736637633.131849, 50.696764943003664]","[1736638068.0658429, 1736638068.2623947, 52.041382523775106]","[1736638496.6046584, 1736638496.8025293, 52.86176856303215]","[1736638925.2545977, 1736638925.4497964, 51.293522567272184]","[1736639358.0791898, 1736639358.2752404, 52.030434840559955]"
"[1736637633.8252656, 1736637634.021802, 51.03426183772087]","[1736638068.9568524, 1736638069.152613, 51.94630032777785]","[1736638497.484046, 1736638497.681929, 52.47375491726398]","[1736638926.1498883, 1736638926.3454714, 51.68375104272367]","[1736639358.959312, 1736639359.155406, 52.04417103755476]"
"[1736637634.720112, 1736637634.916097, 50.48465744853019]","[1736638069.8470407, 1736638070.0434878, 52.03758673810959]","[1736638498.365011, 1736638498.562958, 52.65626142191888]","[1736638927.0521572, 1736638927.24781, 51.395213517904274]","[1736639359.8408973, 1736639360.0367255, 51.7354887419939]"
"[1736637635.6104548, 1736637635.8065097, 50.92696842384338]","[1736638070.7380118, 1736638070.933781, 51.745518738746625]","[1736638499.245151, 1736638499.4430196, 52.71538839697838]","[1736638927.9424157, 1736638928.1383843, 51.36373149967193]","[1736639360.7290134, 1736639360.9247322, 51.47997827374937]"
"[1736637636.4993825, 1736637636.6955938, 50.95114937508107]","[1736638071.5456593, 1736638071.7426453, 52.450682244658466]","[1736638500.1257465, 1736638500.3233888, 52.775851874947534]","[1736638928.8273354, 1736638929.0239687, 52.02452733898163]","[1736639361.6104276, 1736639361.8063452, 51.59458249545095]"
"[1736637637.3874335, 1736637637.5828831, 51.21511184716225]","[1736638072.4419389, 1736638072.637985, 51.893504477262496]","[1736638501.0044599, 1736638501.2023282, 52.7158935945034]","[1736638929.7178469, 1736638929.9137814, 51.60942465806009]","[1736639362.4960144, 1736639362.6924987, 51.95963412237168]"
"[1736637638.304979, 1736637638.5015407, 51.29907722747327]","[1736638073.367646, 1736638073.5641491, 51.78985357809068]","[1736638501.8826072, 1736638502.0805037, 52.64780266141892]","[1736638930.6058345, 1736638930.802522, 52.077573985576635]","[1736639363.3848035, 1736639363.5805392, 51.851681165576]"
"[1736637639.2017891, 1736637639.39746, 50.833012572050094]","[1736638074.253825, 1736638074.4496348, 52.21730778837204]","[1736638502.7638757, 1736638502.9617467, 52.46537497055532]","[1736638931.5003595, 1736638931.69638, 51.894491502523415]","[1736639364.27331, 1736639364.4694078, 51.82415248739719]"
"[1736637640.099969, 1736637640.2954748, 50.92022155201437]","[1736638075.168644, 1736638075.3648503, 51.556786456465716]","[1736638503.6407044, 1736638503.838246, 52.63987156236172]","[1736638932.3841822, 1736638932.5802898, 51.78673625945888]","[1736639365.1550481, 1736639365.3515916, 52.130171793687246]"
"[1736637640.9892638, 1736637641.1844494, 51.101529018998164]","[1736638076.0665896, 1736638076.2630935, 52.29380603647232]","[1736638504.5242586, 1736638504.7218513, 52.62793725275992]","[1736638933.2805886, 1736638933.476691, 51.2050322740961]","[1736639366.0368683, 1736639366.2330282, 51.46387049722672]"
"[1736637641.9048853, 1736637642.1011713, 51.321957163691536]","[1736638076.966608, 1736638077.1631248, 52.132490620017066]","[1736638505.4040656, 1736638505.6014245, 52.67188280320166]","[1736638934.0925026, 1736638934.288506, 52.081140905857076]","[1736639366.918123, 1736639367.1139245, 51.81569025969503]"
"[1736637642.801559, 1736637642.997272, 50.82379833221435]","[1736638077.861546, 1736638078.0579488, 52.17351406264305]","[1736638506.279653, 1736638506.4774516, 52.540533174037925]","[1736638934.9811504, 1736638935.1771886, 51.821710629224775]","[1736639367.8108523, 1736639368.0069318, 51.633901312112826]"
"[1736637643.6892138, 1736637643.8843355, 50.924283945322045]","[1736638078.667865, 1736638078.864517, 53.03691087901592]","[1736638507.1640801, 1736638507.3614912, 52.30546855926514]","[1736638935.8192987, 1736638936.016227, 52.42747854745389]","[1736639368.6950507, 1736639368.8910587, 51.94943006706239]"
"[1736637644.6049356, 1736637644.8010116, 51.2115050700903]","[1736638079.554405, 1736638079.7501917, 52.1968517585993]","[1736638508.0444083, 1736638508.2417889, 52.599721917390816]","[1736638936.709167, 1736638936.9050798, 51.80202405631541]","[1736639369.5076559, 1736639369.703301, 52.425406884908675]"
"[1736637645.4952033, 1736637645.690838, 50.84696752679347]","[1736638080.464762, 1736638080.6612802, 51.86581342959404]","[1736638508.921994, 1736638509.119897, 52.885096090436]","[1736638937.6006613, 1736638937.796734, 51.53666331636907]","[1736639370.3916905, 1736639370.5877655, 51.8395697413683]"
"[1736637646.3845267, 1736637646.5801115, 51.191912545323376]","[1736638081.3591938, 1736638081.555146, 51.70801335024834]","[1736638509.7979727, 1736638509.9954288, 52.38516044066287]","[1736638938.485407, 1736638938.6814032, 51.96981495463847]","[1736639371.2746084, 1736639371.470696, 52.073504011869424]"
"[1736637647.2768464, 1736637647.4728093, 51.34957424032686]","[1736638082.2493892, 1736638082.4459405, 52.205641195774085]","[1736638510.6818721, 1736638510.8797553, 52.44275000083446]","[1736638939.381472, 1736638939.5779333, 51.62065032255382]","[1736639372.1593037, 1736639372.3552396, 51.86744022512435]"
"[1736637648.1652827, 1736637648.3607886, 51.49676456344127]","[1736638083.1411273, 1736638083.337576, 51.93401577377319]","[1736638511.569154, 1736638511.7663956, 52.57803859710693]","[1736638940.2762039, 1736638940.47214, 51.41640644705295]","[1736639373.04627, 1736639373.2418633, 51.32690886592866]"
"[1736637649.0531683, 1736637649.248813, 51.49994666063784]","[1736638083.9569752, 1736638084.1536138, 52.481658494472526]","[1736638512.4480686, 1736638512.6453645, 52.84112526750565]","[1736638941.1864896, 1736638941.382391, 51.56009003603458]","[1736639373.9326952, 1736639374.1292167, 51.75774895834921]"
"[1736637649.9391186, 1736637650.134971, 51.20252645753834]","[1736638084.84909, 1736638085.0450752, 51.87818291258813]","[1736638513.3240793, 1736638513.5216074, 53.046242760777474]","[1736638942.0729015, 1736638942.2686317, 51.510949390172954]","[1736639374.737708, 1736639374.9337199, 52.195612583398834]"
"[1736637650.845021, 1736637651.040392, 50.870984430789946]","[1736638085.7417421, 1736638085.9384081, 51.92460040795804]","[1736638514.2056148, 1736638514.403077, 53.03812197637554]","[1736638942.9861853, 1736638943.182193, 51.20901710712909]","[1736639375.625716, 1736639375.821414, 51.67633664011956]"
"[1736637651.7443974, 1736637651.9397106, 50.91835300171376]","[1736638086.6319997, 1736638086.827713, 51.69463455224037]","[1736638515.0866818, 1736638515.284086, 52.70359570717812]","[1736638943.8861554, 1736638944.0821202, 51.54795135653019]","[1736639376.5132184, 1736639376.7092688, 51.73920944380762]"
"[1736637652.6298814, 1736637652.8248296, 51.19106498444079]","[1736638087.5146706, 1736638087.7103758, 51.8910364342928]","[1736638515.963993, 1736638516.1614773, 52.88720623469352]","[1736638944.7731888, 1736638944.968899, 51.31896689939497]","[1736639377.396038, 1736639377.5918503, 51.493045540690424]"
"[1736637653.5171604, 1736637653.712866, 51.118250901699064]","[1736638088.4032133, 1736638088.599663, 52.03616604814349]","[1736638516.8423805, 1736638517.0397437, 52.78371032059193]","[1736638945.6855621, 1736638945.881559, 51.36371964716913]","[1736639378.2827663, 1736639378.47827, 51.72291419947148]"
"[1736637654.4040086, 1736637654.5995216, 50.858766546964645]","[1736638089.2951531, 1736638089.4908838, 51.537434793353086]","[1736638517.7197824, 1736638517.9176605, 53.09079665148258]","[1736638946.5777903, 1736638946.7738216, 51.252049664258955]","[1736639379.1648157, 1736639379.3604727, 51.84294389522076]"
"[1736637655.291467, 1736637655.4871123, 51.23246418702601]","[1736638090.1840909, 1736638090.3805013, 52.02330117368699]","[1736638518.5999377, 1736638518.7977815, 52.59082474946976]","[1736638947.4850037, 1736638947.6809883, 51.36425561404228]","[1736639380.0486894, 1736639380.2447836, 51.63073952409908]"
"[1736637656.182484, 1736637656.3778987, 51.24263712084293]","[1736638091.079165, 1736638091.2756581, 51.515265614748]","[1736638519.4759736, 1736638519.6736884, 52.53947363352775]","[1736638948.3781936, 1736638948.5746737, 51.67767408946887]","[1736639380.9375017, 1736639381.1334047, 51.502126604080175]"
"[1736637657.0712729, 1736637657.2668152, 51.28598180043698]","[1736638091.965171, 1736638092.1613538, 51.49305335605144]","[1736638520.3616335, 1736638520.5589876, 52.30628263247012]","[1736638949.2844965, 1736638949.480437, 51.3021670895815]","[1736639381.8289113, 1736639382.0251262, 51.532212369918796]"
"[1736637657.997184, 1736637658.1929264, 50.95901356005668]","[1736638092.7752578, 1736638092.9711273, 52.45348955774307]","[1736638521.2431421, 1736638521.440577, 52.96302254211901]","[1736638950.186344, 1736638950.38174, 51.270624887466425]","[1736639382.7165382, 1736639382.9124353, 51.55570585680008]"
"[1736637658.8802857, 1736637659.0758612, 51.732373340606685]","[1736638093.6647787, 1736638093.8609886, 52.23026383817195]","[1736638522.1203392, 1736638522.3179111, 53.13844437992572]","[1736638951.0846531, 1736638951.2804568, 51.65184902334213]","[1736639383.6069348, 1736639383.8030844, 51.53844159197808]"
"[1736637659.7732618, 1736637659.9692822, 51.619027119874964]","[1736638094.5517893, 1736638094.7474713, 51.82353809440134]","[1736638522.9981577, 1736638523.1959937, 52.90400874342173]","[1736638951.9761186, 1736638952.1721752, 51.64160892915727]","[1736639384.4893172, 1736639384.6854858, 51.77085061717032]"
"[1736637660.6606455, 1736637660.8561926, 51.69945727217197]","[1736638095.4361784, 1736638095.6321266, 52.01194805073739]","[1736638523.87613, 1736638524.0735996, 52.42244821083543]","[1736638952.8830073, 1736638953.0788682, 51.40323421406747]","[1736639385.2999287, 1736639385.4955835, 52.4112537702322]"
"[1736637661.5506155, 1736637661.7462468, 51.532630981922146]","[1736638096.3179228, 1736638096.5142663, 52.3136724499464]","[1736638524.7537706, 1736638524.9512205, 52.5228000127077]","[1736638953.774732, 1736638953.9707623, 51.660968533663436]","[1736639386.1826124, 1736639386.3782904, 51.80455019748211]"
"[1736637662.4461753, 1736637662.6412077, 51.12095749425889]","[1736638097.205014, 1736638097.401065, 52.03261464905739]","[1736638525.6272025, 1736638525.8245008, 52.62585934734344]","[1736638954.6817544, 1736638954.8775403, 51.15401253128051]","[1736639387.0684366, 1736639387.264617, 52.10498945510386]"
"[1736637663.335332, 1736637663.531206, 51.37000484029974]","[1736638098.0134318, 1736638098.2091584, 52.28174763619901]","[1736638526.5026686, 1736638526.700226, 53.15389306735992]","[1736638955.5733469, 1736638955.7694542, 51.57921645328845]","[1736639387.9526591, 1736639388.1484783, 51.96757327556612]"
"[1736637664.230217, 1736637664.4259439, 51.04170370340347]","[1736638098.897435, 1736638099.0938504, 51.99254151811808]","[1736638527.3776417, 1736638527.5754983, 52.7552123898268]","[1736638956.483698, 1736638956.6795228, 51.815225237369525]","[1736639388.8359385, 1736639389.0315936, 51.72994749283791]"
"[1736637665.119123, 1736637665.3146691, 51.14651917803288]","[1736638099.7821531, 1736638099.9785771, 51.95800232923031]","[1736638528.2570102, 1736638528.4548943, 52.81217289352415]","[1736638957.3819637, 1736638957.5778172, 51.58339294290543]","[1736639389.7287376, 1736639389.9247859, 51.47975434112548]"
"[1736637666.009866, 1736637666.2056234, 51.088265343666095]","[1736638100.6772614, 1736638100.8736756, 51.3812028425932]","[1736638529.1360893, 1736638529.333941, 52.63308227586745]","[1736638958.2721114, 1736638958.4682035, 51.6558628570885]","[1736639390.5405748, 1736639390.7362938, 51.75187868189812]"
"[1736637666.897165, 1736637667.0928075, 51.37065198469163]","[1736638101.4840138, 1736638101.6801982, 52.37739813721181]","[1736638530.017501, 1736638530.2150803, 52.764691228985775]","[1736638959.1815965, 1736638959.3776376, 51.36508955693246]","[1736639391.4244561, 1736639391.6205192, 51.89995006275175]"
"[1736637667.7949514, 1736637667.9905941, 51.57225304341316]","[1736638102.377639, 1736638102.5739968, 51.73870978164674]","[1736638530.8968098, 1736638531.094703, 52.67096875309945]","[1736638960.0748487, 1736638960.2710905, 51.59656658577289]","[1736639392.3042276, 1736639392.5003536, 51.62268068683147]"
"[1736637668.6966166, 1736637668.8921924, 51.584222359418874]","[1736638103.264712, 1736638103.4608023, 51.76153498303889]","[1736638531.7730856, 1736638531.9705887, 52.5049878691435]","[1736638960.9810305, 1736638961.1769931, 51.37410301351546]","[1736639393.1879404, 1736639393.3840482, 51.8053897205591]"
"[1736637669.5931873, 1736637669.7891138, 51.72375060021876]","[1736638104.1522312, 1736638104.3478055, 51.76439833509923]","[1736638532.6570873, 1736638532.8547134, 52.46721326637267]","[1736638961.8787785, 1736638962.0747225, 51.60545190405844]","[1736639393.9994593, 1736639394.1951256, 52.08767532098293]"
"[1736637670.48123, 1736637670.676308, 51.72100141358376]","[1736638105.0391526, 1736638105.2355406, 52.040158542394636]","[1736638533.5365584, 1736638533.7344184, 52.87569769275188]","[1736638962.7721384, 1736638962.968464, 51.692805664953994]","[1736639394.8853185, 1736639395.0815778, 51.757613103270536]"
"[1736637671.3923306, 1736637671.5883813, 51.3596704212427]","[1736638105.9362013, 1736638106.1325824, 51.91244219768048]","[1736638534.4165025, 1736638534.6141164, 52.7762516410351]","[1736638963.6636436, 1736638963.8594913, 51.359793619394296]","[1736639395.6903467, 1736639395.8861954, 52.36584802329542]"
"[1736637672.2932863, 1736637672.4893746, 51.589794228911394]","[1736638106.8212042, 1736638107.0174005, 52.16735991656781]","[1736638535.3020635, 1736638535.4993575, 52.67212182462213]","[1736638964.5510767, 1736638964.7470884, 51.52355241298674]","[1736639396.5802083, 1736639396.7758584, 51.70058802545069]"
"[1736637673.1934443, 1736637673.3890352, 51.48945440781116]","[1736638107.7046025, 1736638107.9005737, 52.0011149404049]","[1736638536.1756282, 1736638536.3735065, 53.16315631330013]","[1736638965.4455245, 1736638965.6412573, 51.045678565740566]","[1736639397.4626327, 1736639397.65871, 51.83325897836686]"
"[1736637674.0929863, 1736637674.2890446, 51.789446924090385]","[1736638108.5931582, 1736638108.7892315, 51.53654836630822]","[1736638537.0563915, 1736638537.2537243, 52.53187463116645]","[1736638966.339859, 1736638966.5358732, 51.53816808235645]","[1736639398.268219, 1736639398.4640272, 52.25417973208426]"
"[1736637674.9943278, 1736637675.193209, 52.19071036982537]","[1736638109.4784157, 1736638109.6748345, 52.00749492192268]","[1736638537.9335206, 1736638538.1314867, 52.88151510572434]","[1736638967.2307916, 1736638967.4271216, 51.65495285129546]","[1736639399.153661, 1736639399.3494165, 51.898524803638445]"
"[1736637675.893151, 1736637676.0888162, 51.78316609609127]","[1736638110.2976048, 1736638110.4941618, 52.293809969266626]","[1736638538.8140604, 1736638539.0118983, 52.718466405034064]","[1736638968.0380533, 1736638968.2346528, 52.91426559615136]","[1736639400.0436158, 1736639400.239853, 51.68531584039266]"
"[1736637676.792397, 1736637676.9885738, 51.60229480195045]","[1736638111.1891804, 1736638111.3848178, 51.67651676487921]","[1736638539.692872, 1736638539.8907783, 52.52390386945447]","[1736638968.9333947, 1736638969.129874, 52.040371722817426]","[1736639400.9262695, 1736639401.1220603, 51.51370517683028]"
"[1736637677.6925526, 1736637677.8884578, 51.7898330721855]","[1736638112.0761752, 1736638112.272545, 51.75436570799351]","[1736638540.574097, 1736638540.7717464, 52.44981008028986]","[1736638969.8252573, 1736638970.0209603, 51.80640999829769]","[1736639401.8088763, 1736639402.004606, 51.59945988106728]"
"[1736637678.5852091, 1736637678.791293, 54.08286051857472]","[1736638112.962344, 1736638113.1583002, 51.734860984086986]","[1736638541.4523275, 1736638541.6502268, 52.657212465167056]","[1736638970.7132142, 1736638970.9096413, 51.95817645013331]","[1736639402.619127, 1736639402.8150027, 52.19966380047798]"
"[1736637679.4866042, 1736637679.6826112, 51.603868449449536]","[1736638113.7757747, 1736638113.9721236, 52.344141156911824]","[1736638542.3306303, 1736638542.528147, 52.52946544778349]","[1736638971.6088874, 1736638971.8049774, 51.812154639124884]","[1736639403.5009239, 1736639403.6970458, 52.087123508811004]"
"[1736637680.3916879, 1736637680.587627, 51.65907596158981]","[1736638114.660486, 1736638114.8567066, 52.10763545787335]","[1736638543.2134233, 1736638543.4110155, 52.631403782844544]","[1736638972.4923224, 1736638972.688779, 52.27254702973365]","[1736639404.3097467, 1736639404.5057418, 52.31304992043971]"
"[1736637681.2878408, 1736637681.4838514, 51.62739832520482]","[1736638115.5441947, 1736638115.7401776, 51.8008028845787]","[1736638544.092489, 1736638544.2903645, 52.80529552349091]","[1736638973.378919, 1736638973.574794, 52.00419253134726]","[1736639405.2014635, 1736639405.3974824, 51.490638271808635]"
"[1736637682.1897788, 1736637682.3857684, 51.60633619976042]","[1736638116.435002, 1736638116.6313474, 51.90654744195938]","[1736638544.9730077, 1736638545.1708496, 52.38742741799357]","[1736638974.2689795, 1736638974.4656215, 51.890616466413036]","[1736639406.0844731, 1736639406.280261, 51.6496724637747]"
"[1736637683.0761166, 1736637683.2719996, 51.7900689612627]","[1736638117.2465446, 1736638117.4422145, 52.37362845122814]","[1736638545.8525662, 1736638546.0504234, 52.60999240744113]","[1736638975.0748382, 1736638975.270961, 52.15978736710549]","[1736639406.8973367, 1736639407.0931072, 52.40125252330303]"
"[1736637683.966369, 1736637684.1621025, 51.317772026062016]","[1736638118.1340892, 1736638118.3302684, 51.91612816023826]","[1736638546.7324834, 1736638546.9299536, 52.7344199461937]","[1736638975.9668806, 1736638976.1629496, 51.82376113811132]","[1736639407.7784104, 1736639407.9744818, 51.80394269418716]"
"[1736637684.860133, 1736637685.0556896, 51.63690887939931]","[1736638119.0168414, 1736638119.2133496, 52.28549720489979]","[1736638547.6125927, 1736638547.810422, 52.876873104810706]","[1736638976.777885, 1736638976.97383, 52.23989303433896]","[1736639408.6665673, 1736639408.8623283, 51.865103965997704]"
"[1736637685.74579, 1736637685.9421215, 52.06980694746972]","[1736638119.9002178, 1736638120.0961745, 51.937999516248716]","[1736638548.4944632, 1736638548.6921604, 52.736753018021595]","[1736638977.6642995, 1736638977.8600984, 51.57220491981506]","[1736639409.5589519, 1736639409.7549946, 51.70650511407853]"
"[1736637686.6327085, 1736637686.8284338, 51.55046028900147]","[1736638120.7869985, 1736638120.982654, 51.834460223317144]","[1736638549.3712196, 1736638549.5690913, 52.67491077899932]","[1736638978.5494633, 1736638978.7460544, 51.9323280082941]","[1736639410.4417884, 1736639410.6377263, 51.83459383863907]"
"[1736637687.533195, 1736637687.728865, 51.456247761130335]","[1736638121.6737008, 1736638121.8700633, 51.893484956979734]","[1736638550.2447784, 1736638550.4423766, 52.52768942952155]","[1736638979.4449644, 1736638979.6411898, 51.49585146689415]","[1736639411.2450037, 1736639411.440897, 52.03441733324526]"
"[1736637688.4242742, 1736637688.6203089, 51.57350459595332]","[1736638122.556268, 1736638122.7528183, 51.893992607831954]","[1736638551.121232, 1736638551.318505, 52.808170445203785]","[1736638980.3319278, 1736638980.5282965, 52.00448423087598]","[1736639412.1363413, 1736639412.3323104, 51.429699813365936]"
"[1736637689.3087287, 1736637689.5043602, 51.43596720063686]","[1736638123.4420922, 1736638123.6379259, 51.63578638243676]","[1736638552.0006468, 1736638552.197781, 53.11020684754849]","[1736638981.2171876, 1736638981.413216, 51.86157440948486]","[1736639412.9429252, 1736639413.1391456, 52.12365554821491]"
"[1736637690.2126133, 1736637690.4082062, 51.015426763892165]","[1736638124.3286545, 1736638124.5243607, 52.00291005373001]","[1736638552.8817117, 1736638553.0788226, 52.82974555730821]","[1736638982.1094165, 1736638982.3060093, 51.977548183798795]","[1736639413.8234727, 1736639414.0192614, 51.753488024473185]"
"[1736637691.112344, 1736637691.3079557, 51.098777976036075]","[1736638125.2091892, 1736638125.4051049, 52.10095845222474]","[1736638553.7601876, 1736638553.9574535, 52.808704502582536]","[1736638983.00014, 1736638983.1959474, 51.80868677508829]","[1736639414.7142262, 1736639414.9099195, 51.420632647395124]"
"[1736637692.0063417, 1736637692.2022066, 51.207466048836714]","[1736638126.0189192, 1736638126.2148094, 52.39923557174206]","[1736638554.6410332, 1736638554.8382945, 52.723487321138364]","[1736638983.8886378, 1736638984.085185, 52.21190510213376]","[1736639415.6007407, 1736639415.7968888, 51.694851234912875]"
"[1736637692.8994312, 1736637693.0949926, 51.221718848586086]","[1736638126.9102874, 1736638127.1064167, 52.1364085637331]","[1736638555.5200284, 1736638555.7171788, 52.96527022838593]","[1736638984.7820997, 1736638984.9779778, 51.758628586292254]","[1736639416.4837556, 1736639416.679551, 51.60358501255511]"
"[1736637693.7384365, 1736637693.9341002, 51.96192572450637]","[1736638127.794302, 1736638127.9907968, 52.24839223468709]","[1736638556.392293, 1736638556.5899749, 53.22638385713102]","[1736638985.6732955, 1736638985.86947, 52.04602157008648]","[1736639417.3745396, 1736639417.5704257, 51.62267951238154]"
"[1736637694.6325896, 1736637694.828411, 51.714928960204126]","[1736638128.6851633, 1736638128.880785, 51.600853189229966]","[1736638557.2798269, 1736638557.477053, 52.63864835929869]","[1736638986.564919, 1736638986.7609775, 51.59886679270489]","[1736639418.2620432, 1736639418.4578347, 51.82756669211388]"
"[1736637695.5185008, 1736637695.71414, 51.555375068902975]","[1736638129.4982324, 1736638129.6942985, 52.21738354241849]","[1736638558.1656926, 1736638558.3634107, 52.87494888889791]","[1736638987.3807683, 1736638987.5768266, 52.33376485335826]","[1736639419.1503806, 1736639419.3456235, 51.55408933198452]"
"[1736637696.4063725, 1736637696.602558, 51.640275181889535]","[1736638130.3914495, 1736638130.5878139, 51.845096039313404]","[1736638559.0546541, 1736638559.2523015, 52.42777070045472]","[1736638988.268444, 1736638988.4650095, 52.002962982193495]","[1736639420.037978, 1736639420.2339122, 51.60269842848163]"
"[1736637697.3014534, 1736637697.4975116, 51.183143034577384]","[1736638131.2813056, 1736638131.4772274, 51.472151698827744]","[1736638559.9397635, 1736638560.1369567, 52.733347570657735]","[1736638989.165091, 1736638989.3616464, 51.717396905899044]","[1736639420.8459008, 1736639421.0418081, 51.92734077143671]"
"[1736637698.188724, 1736637698.3846042, 51.31599198174475]","[1736638132.172072, 1736638132.368338, 51.59602356338502]","[1736638560.8243763, 1736638561.0221565, 53.31711954712868]","[1736638990.0579464, 1736638990.253859, 51.42387007892131]","[1736639421.7365153, 1736639421.9325228, 51.53871581101419]"
"[1736637699.08113, 1736637699.2774625, 51.524945511579524]","[1736638133.0621018, 1736638133.2578695, 51.54629643595219]","[1736638561.7096033, 1736638561.9071798, 52.645759541034714]","[1736638990.9503503, 1736638991.146488, 51.60642798805238]","[1736639422.548728, 1736639422.744334, 52.01258570110798]"
"[1736637699.9643152, 1736637700.1603477, 51.857806968688976]","[1736638133.946406, 1736638134.1420984, 51.46627443659307]","[1736638562.586231, 1736638562.7836072, 52.70441773306208]","[1736638991.8411498, 1736638992.0373335, 51.55590369081499]","[1736639423.4368687, 1736639423.6331093, 51.573441232987605]"
"[1736637700.857379, 1736637701.0530496, 51.79601050281526]","[1736638134.833497, 1736638135.0299954, 52.05075479185582]","[1736638563.4668057, 1736638563.6647048, 52.64352674794196]","[1736638992.729511, 1736638992.9258642, 52.09981323873997]","[1736639424.325916, 1736639424.5215256, 51.520123216390616]"
"[1736637701.7453554, 1736637701.9413538, 51.81519716835021]","[1736638135.7166083, 1736638135.9127429, 51.84333920454978]","[1736638564.3499982, 1736638564.5477161, 52.58823776912689]","[1736638993.6216984, 1736638993.8179336, 51.518052726268756]","[1736639425.2151403, 1736639425.411274, 51.376823415398604]"
"[1736637702.6286986, 1736637702.8245356, 52.03224007666112]","[1736638136.608214, 1736638136.8042018, 52.01519494807719]","[1736638565.2332594, 1736638565.4307384, 52.92556355118752]","[1736638994.435546, 1736638994.6313958, 52.429881848812094]","[1736639426.0971234, 1736639426.29313, 51.465113749742535]"
"[1736637703.5167658, 1736637703.7127788, 51.759492063045485]","[1736638137.4897747, 1736638137.6859407, 52.009715650982066]","[1736638566.1114242, 1736638566.309035, 53.25596203231812]","[1736638995.3323498, 1736638995.5282476, 51.84755986690522]","[1736639426.9852839, 1736639427.181085, 51.459001758098594]"
"[1736637704.4048448, 1736637704.600854, 51.773661155462264]","[1736638138.3750393, 1736638138.5707831, 51.6064906411171]","[1736638566.9929435, 1736638567.1902816, 52.940129482388514]","[1736638996.146996, 1736638996.34391, 52.726552042245864]","[1736639427.8797154, 1736639428.0754118, 51.50716419637206]"
"[1736637705.2995307, 1736637705.4956698, 51.48558022785186]","[1736638139.2632341, 1736638139.458744, 51.63142367815972]","[1736638567.869815, 1736638568.0672474, 52.952403539657595]","[1736638997.0393028, 1736638997.2352605, 51.79057727384567]","[1736639428.7757728, 1736639428.9715648, 51.360351423144344]"
"[1736637706.1892214, 1736637706.3850114, 51.34460555553437]","[1736638140.1486444, 1736638140.3445797, 51.611343845129]","[1736638568.7457774, 1736638568.9436285, 52.926091340065014]","[1736638997.8538094, 1736638998.0500846, 52.39232852101326]","[1736639429.5937536, 1736639429.7897239, 52.184256303668015]"
"[1736637707.0784497, 1736637707.2748413, 51.7568986183405]","[1736638141.030744, 1736638141.2270246, 52.049421579003344]","[1736638569.6272025, 1736638569.8247962, 52.677289412260066]","[1736638998.7441432, 1736638998.9408076, 51.940812258362755]","[1736639430.4834228, 1736639430.6789412, 51.77792406296729]"
"[1736637707.9604008, 1736637708.1568644, 52.00985962235928]","[1736638141.844783, 1736638142.0405004, 52.43455530130863]","[1736638570.5023916, 1736638570.700156, 52.90746923577786]","[1736638999.643326, 1736638999.8403249, 51.89555004167558]","[1736639431.380336, 1736639431.575869, 51.55145478129386]"
"[1736637708.8553336, 1736637709.0512614, 51.68886400902268]","[1736638142.7296064, 1736638142.9259467, 52.20703839206695]","[1736638571.3819394, 1736638571.5797203, 52.39613243757361]","[1736639000.542248, 1736639000.7392724, 51.69809189796448]","[1736639432.2757268, 1736639432.4712448, 51.436295098900786]"
"[1736637709.7414775, 1736637709.9379187, 52.25066255939006]","[1736638143.618894, 1736638143.814492, 51.678497620821005]","[1736638572.2608237, 1736638572.4583297, 52.300764020085325]","[1736639001.4412694, 1736639001.638336, 51.70347539365294]","[1736639433.1719828, 1736639433.3680658, 51.420379663825024]"
"[1736637710.6388268, 1736637710.8350677, 51.63901291882993]","[1736638144.5042453, 1736638144.699878, 51.740336297392844]","[1736638573.135092, 1736638573.332333, 52.51545198917389]","[1736639002.3404748, 1736639002.537541, 51.37917323553561]","[1736639434.0540934, 1736639434.2499957, 51.71957866358758]"
"[1736637711.5239112, 1736637711.7198417, 51.858748274207116]","[1736638145.3850887, 1736638145.581024, 51.78617567574978]","[1736638574.0122085, 1736638574.2096164, 53.01006076788904]","[1736639003.2391815, 1736639003.436237, 51.343866734385486]","[1736639434.9374373, 1736639435.1332343, 51.83939696931838]"
"[1736637712.4169586, 1736637712.6133056, 52.009348877576514]","[1736638146.269392, 1736638146.4657037, 51.77544788825514]","[1736638574.8918824, 1736638575.0891716, 52.98945395624637]","[1736639004.130052, 1736639004.3269095, 51.93920876741409]","[1736639435.8194425, 1736639436.0151663, 51.51625373339653]"
"[1736637713.299838, 1736637713.4962883, 52.123393857598316]","[1736638147.0797954, 1736638147.2753835, 52.03293450045586]","[1736638575.7659388, 1736638575.9635255, 53.03130142223835]","[1736639004.9439023, 1736639005.1408377, 52.398594600439054]","[1736639436.6303885, 1736639436.8265011, 51.85018539903468]"
"[1736637714.1827042, 1736637714.3788497, 51.78196923089029]","[1736638147.9664822, 1736638148.1626139, 51.5950228072405]","[1736638576.6452062, 1736638576.8430963, 52.91669617021085]","[1736639005.8398314, 1736639006.0368583, 51.99107272660733]","[1736639437.5163028, 1736639437.7120638, 51.77598738944529]"
"[1736637715.0818677, 1736637715.277784, 51.61969308972359]","[1736638148.8490362, 1736638149.0453596, 51.950921075463285]","[1736638577.5248141, 1736638577.7226946, 52.877593363285065]","[1736639006.6555035, 1736639006.85215, 52.30445930433274]","[1736639438.396325, 1736639438.5920808, 51.597477010488504]"
"[1736637715.9751565, 1736637716.1711922, 51.65608081233502]","[1736638149.73698, 1736638149.9328847, 51.63836816191673]","[1736638578.4003623, 1736638578.598076, 52.84512205767632]","[1736639007.5456538, 1736639007.7426238, 52.24575525331498]","[1736639439.2060556, 1736639439.4017375, 51.99856519818307]"
"[1736637716.8617313, 1736637717.057867, 52.12182365059852]","[1736638150.6302774, 1736638150.8262725, 51.56646240603923]","[1736638579.2828596, 1736638579.480781, 52.6641559628504]","[1736639008.4416986, 1736639008.6383457, 51.55015511131288]","[1736639440.0914576, 1736639440.287689, 51.73021787488461]"
"[1736637717.7523522, 1736637717.9483767, 51.81378280234335]","[1736638151.5137253, 1736638151.7095861, 51.983607987523094]","[1736638580.1609933, 1736638580.358602, 52.50075579810141]","[1736639009.336141, 1736639009.5330465, 51.911745466947565]","[1736639440.9729545, 1736639441.1689112, 51.73020223605633]"
"[1736637718.632655, 1736637718.8286395, 52.15937671780587]","[1736638152.4074624, 1736638152.6034617, 51.86253394508363]","[1736638581.0427165, 1736638581.2405922, 52.6244735865593]","[1736639010.2268057, 1736639010.423586, 51.92889716160296]","[1736639441.8615706, 1736639442.0568907, 51.636265603423126]"
"[1736637719.5295281, 1736637719.7251806, 52.07374209702014]","[1736638153.2926404, 1736638153.4884946, 51.76375532555582]","[1736638581.9256964, 1736638582.123141, 52.58154327881335]","[1736639011.1180246, 1736639011.315166, 52.015465715765934]","[1736639442.7459538, 1736639442.9415226, 51.72096222686766]"
"[1736637720.4145417, 1736637720.610899, 51.82017238892397]","[1736638154.1048965, 1736638154.3009028, 52.09928270268439]","[1736638582.8021388, 1736638582.999963, 53.191444716691976]","[1736639012.0096316, 1736639012.205905, 51.91478457903859]","[1736639443.6270103, 1736639443.822959, 51.47168010194966]"
"[1736637721.3224168, 1736637721.5184004, 51.45613365447521]","[1736638154.985453, 1736638155.181607, 51.81272304222499]","[1736638583.680042, 1736638583.8774846, 52.54803243503096]","[1736639012.9007134, 1736639013.0974863, 52.354314836978915]","[1736639444.5118759, 1736639444.7075856, 51.535411903500574]"
"[1736637722.210593, 1736637722.406383, 51.54515905308725]","[1736638155.8691485, 1736638156.0652983, 51.59655154442787]","[1736638584.5636244, 1736638584.7612262, 52.53251669383049]","[1736639013.7969546, 1736639013.9939723, 52.26281143736839]","[1736639445.3967507, 1736639445.5927365, 51.75173533737659]"
"[1736637723.1232152, 1736637723.3190255, 51.4997480341196]","[1736638156.760263, 1736638156.9558117, 51.57110091412068]","[1736638585.4525704, 1736638585.6497192, 52.62150736427307]","[1736639014.6855025, 1736639014.8822417, 52.15464117252827]","[1736639446.284468, 1736639446.4802458, 51.3151334438324]"
"[1736637724.012897, 1736637724.209836, 51.72585091898951]","[1736638157.6513307, 1736638157.847256, 51.58887811028958]","[1736638586.275897, 1736638586.4736829, 53.32975209867828]","[1736639015.5817614, 1736639015.778533, 52.2241557943821]","[1736639447.164739, 1736639447.3604631, 51.53959550642966]"
"[1736637724.900882, 1736637725.0967498, 51.16672823309898]","[1736638158.543968, 1736638158.739904, 51.481758951663956]","[1736638587.162053, 1736638587.3599331, 52.684369918942465]","[1736639016.4699457, 1736639016.6661623, 52.295284387707724]","[1736639448.0458658, 1736639448.2419312, 51.81832767343521]"
"[1736637725.7891867, 1736637725.9848835, 51.42131849241258]","[1736638159.4365048, 1736638159.6316657, 51.61569438159466]","[1736638588.044124, 1736638588.2415037, 52.513668091535585]","[1736639017.363252, 1736639017.5600655, 52.14159655809403]","[1736639448.9332757, 1736639449.129054, 51.73400429928304]"
"[1736637726.6775892, 1736637726.8734043, 51.843422770857806]","[1736638160.3195155, 1736638160.515102, 51.79049148297308]","[1736638588.92177, 1736638589.119611, 53.096013367414486]","[1736639018.2545252, 1736639018.4514174, 51.9494766997566]","[1736639449.8282752, 1736639450.0242314, 51.26167133617401]"
"[1736637727.5651574, 1736637727.7608745, 51.78231699979307]","[1736638161.2042885, 1736638161.4003763, 51.561378774762154]","[1736638589.8007123, 1736638589.998588, 52.9048915104866]","[1736639019.1441898, 1736639019.3409202, 51.92736761641502]","[1736639450.710033, 1736639450.905677, 51.470139409065254]"
"[1736637728.4544604, 1736637728.6511014, 51.90715455687047]","[1736638162.0886343, 1736638162.2846258, 51.433734379633535]","[1736638590.6812675, 1736638590.8788705, 52.7030879020691]","[1736639020.0398126, 1736639020.2364376, 51.64935796594621]","[1736639451.603657, 1736639451.7992554, 51.24297645890712]"
"[1736637729.3548975, 1736637729.551334, 52.00859246158599]","[1736638162.901801, 1736638163.097706, 51.91008666908741]","[1736638591.5592613, 1736638591.7571018, 52.78231164348124]","[1736639020.9338517, 1736639021.1308439, 51.908886944532384]","[1736639452.486162, 1736639452.6822615, 51.60543892121314]"
"[1736637730.280819, 1736637730.4766507, 51.36242366075516]","[1736638163.7892578, 1736638163.9850276, 51.92233596181869]","[1736638592.4400375, 1736638592.637901, 52.85050789105893]","[1736639021.8291457, 1736639022.0257602, 51.82818926453592]","[1736639453.2891219, 1736639453.485649, 52.5657320970297]"
"[1736637731.173352, 1736637731.3698497, 51.78057159638406]","[1736638164.6778178, 1736638164.8735862, 51.711208113193514]","[1736638593.3205435, 1736638593.518351, 52.833770339250584]","[1736639022.7189515, 1736639022.915594, 52.01155980336665]","[1736639454.172263, 1736639454.3680074, 51.87079785037039]"
"[1736637732.0713308, 1736637732.2674005, 51.68073067343236]","[1736638165.5673578, 1736638165.7634337, 51.65587214338777]","[1736638594.2047756, 1736638594.4021406, 53.043425028324144]","[1736639023.6095061, 1736639023.8061817, 51.99299026608468]","[1736639455.0626063, 1736639455.2583473, 51.72533978819846]"
"[1736637732.95917, 1736637733.1553082, 51.761871061205866]","[1736638166.4524362, 1736638166.6482666, 51.46905647492409]","[1736638595.0813618, 1736638595.278786, 53.19567905938626]","[1736639024.431584, 1736639024.6285899, 52.81752331435681]","[1736639455.950237, 1736639456.1461127, 51.880238256692905]"
"[1736637733.8509, 1736637734.0476325, 52.00944170570374]","[1736638167.3413658, 1736638167.537494, 51.5963956940174]","[1736638595.9570434, 1736638596.1549375, 52.93229212474823]","[1736639025.3251436, 1736639025.5216353, 52.227357292175284]","[1736639456.7571595, 1736639456.9528053, 52.06155289435388]"
"[1736637734.7417598, 1736637734.937737, 51.794200011849384]","[1736638168.2327495, 1736638168.4285557, 51.81342443311216]","[1736638596.8369234, 1736638597.0349734, 52.73940147006511]","[1736639026.2140656, 1736639026.4111023, 52.192749458193774]","[1736639457.6446187, 1736639457.8406765, 51.657200186729426]"
"[1736637735.6315632, 1736637735.8281896, 52.02725358879564]","[1736638169.122239, 1736638169.3183455, 51.83950028920172]","[1736638597.71639, 1736638597.9138377, 52.59918067693709]","[1736639027.1112313, 1736639027.3080976, 51.93353356075288]","[1736639458.4539316, 1736639458.64978, 52.08069733977318]"
"[1736637736.5227642, 1736637736.7188408, 51.90450240182877]","[1736638169.926318, 1736638170.1223934, 52.46304232990742]","[1736638598.602219, 1736638598.7997463, 52.891288244962695]","[1736639028.0005655, 1736639028.1974776, 52.25531663036346]","[1736639459.3416402, 1736639459.537537, 51.72640390181542]"
"[1736637737.4109156, 1736637737.6078017, 51.83769541973923]","[1736638170.8058825, 1736638171.001888, 52.21165612435342]","[1736638599.4786382, 1736638599.6764984, 53.02586008131504]","[1736639028.8914437, 1736639029.0883248, 52.27077308297159]","[1736639460.2273457, 1736639460.4233375, 51.57284664349541]"
"[1736637738.3053956, 1736637738.502049, 51.46026565098763]","[1736638171.7006085, 1736638171.8967257, 51.82533419561386]","[1736638600.3581064, 1736638600.5560112, 52.74570307743551]","[1736639029.781251, 1736639029.9779787, 52.446459742784505]","[1736639461.0430033, 1736639461.2390711, 52.012922107458095]"
"[1736637739.1940804, 1736637739.3906357, 51.934784059524546]","[1736638172.5805166, 1736638172.7766223, 51.937069511079905]","[1736638601.2389517, 1736638601.4366436, 52.72214045155049]","[1736639030.674165, 1736639030.8714347, 52.4756999938488]","[1736639461.9217272, 1736639462.1177475, 51.685335593399195]"
"[1736637740.0887492, 1736637740.2855024, 51.69336524140832]","[1736638173.4692955, 1736638173.6650743, 51.6164465326071]","[1736638602.116174, 1736638602.3140945, 52.77335097384452]","[1736639031.5717623, 1736639031.7689824, 52.363665680527696]","[1736639462.7300436, 1736639462.925815, 52.27530647695065]"
"[1736637740.9861205, 1736637741.1829963, 51.34169807195664]","[1736638174.3627472, 1736638174.5590003, 51.50640353679655]","[1736638602.9954317, 1736638603.1934087, 52.978019720911966]","[1736639032.4669032, 1736639032.6636407, 51.86253688037395]","[1736639463.6197271, 1736639463.8152606, 51.30872238528729]"
"[1736637741.87761, 1736637742.0737126, 51.51499880206585]","[1736638175.2466004, 1736638175.442426, 51.48788300645353]","[1736638603.8768058, 1736638604.0746977, 52.80541903340815]","[1736639033.3571002, 1736639033.5537825, 52.07722589683532]","[1736639464.505294, 1736639464.7018015, 51.57795284807682]"
"[1736637742.7667081, 1736637742.963754, 52.01633601534366]","[1736638176.1292214, 1736638176.324985, 51.61990179336071]","[1736638604.7568293, 1736638604.9547167, 52.64042032003402]","[1736639034.250075, 1736639034.44716, 52.186976141473146]","[1736639465.388516, 1736639465.5843177, 51.47326662826538]"
"[1736637743.6507347, 1736637743.8473334, 51.8389750363827]","[1736638177.0146453, 1736638177.2102385, 51.5572534710169]","[1736638605.6364222, 1736638605.8343294, 52.799744748473174]","[1736639035.0648813, 1736639035.2615285, 52.3281408135891]","[1736639466.2010946, 1736639466.3971925, 52.004051533460625]"
"[1736637744.543203, 1736637744.7398744, 52.10778455698491]","[1736638177.901803, 1736638178.0978963, 51.766676431655874]","[1736638606.5166538, 1736638606.714538, 52.83791109549997]","[1736639035.9571292, 1736639036.1540644, 52.0599933784008]","[1736639467.0817416, 1736639467.2778566, 51.859106111645694]"
"[1736637745.4274774, 1736637745.6242108, 52.33539136815071]","[1736638178.7096422, 1736638178.9055662, 52.18687109804154]","[1736638607.3963463, 1736638607.5942428, 53.034582929134366]","[1736639036.8515189, 1736639037.0485718, 51.99160724370027]","[1736639467.8907886, 1736639468.0867255, 52.37412455511093]"
"[1736637746.3197315, 1736637746.516186, 51.95836854338648]","[1736638179.5936275, 1736638179.7888687, 51.77262500548363]","[1736638608.275884, 1736638608.4737492, 52.922744385242446]","[1736639037.7453756, 1736639037.9421005, 51.56658855056764]","[1736639468.777312, 1736639468.9729958, 51.60490744102]"
"[1736637747.2036474, 1736637747.400542, 51.854449523702414]","[1736638180.4778585, 1736638180.6737478, 51.462803194522856]","[1736638609.1565192, 1736638609.354141, 52.65026433074473]","[1736639038.6358232, 1736639038.8326879, 52.184505405426016]","[1736639469.6600423, 1736639469.8561287, 51.48474688589574]"
"[1736637748.0924854, 1736637748.2890432, 51.76337488818168]","[1736638181.3717403, 1736638181.566717, 51.26584268951415]","[1736638610.0376263, 1736638610.2351816, 52.84767022824288]","[1736639039.5296857, 1736639039.7267087, 51.94275488018988]","[1736639470.5397694, 1736639470.735842, 51.850017789959885]"
"[1736637748.9848297, 1736637749.181807, 51.90007274854185]","[1736638182.2532947, 1736638182.4488697, 51.565440234661104]","[1736638610.9163225, 1736638611.113707, 53.108241852164255]","[1736639040.426319, 1736639040.6230173, 51.61766052675244]","[1736639471.4218695, 1736639471.6179178, 51.85061899232864]"
"[1736637749.8748462, 1736637750.0709624, 51.41592874073982]","[1736638183.1393049, 1736638183.3355372, 51.65584764695168]","[1736638611.7952042, 1736638611.993125, 53.28796983087062]","[1736639041.3171456, 1736639041.514044, 52.324710285902036]","[1736639472.3059402, 1736639472.501751, 51.59005086612702]"
"[1736637750.7653286, 1736637750.962079, 51.818256987810145]","[1736638183.9450886, 1736638184.1410947, 52.2781705491543]","[1736638612.6745703, 1736638612.8724916, 52.85407894873619]","[1736639042.2099156, 1736639042.4069903, 51.96674608552459]","[1736639473.1882293, 1736639473.3843164, 51.70658014059066]"
"[1736637751.6517322, 1736637751.8482409, 51.892308118462566]","[1736638184.8354938, 1736638185.0446608, 55.35022095131875]","[1736638613.5563774, 1736638613.7540145, 52.57058211374284]","[1736639043.1012573, 1736639043.2973924, 51.84112123823167]","[1736639474.0739312, 1736639474.269512, 51.55113364481926]"
"[1736637752.545699, 1736637752.7426286, 52.22656336092946]","[1736638185.732619, 1736638185.9282742, 51.43620015013218]","[1736638614.436428, 1736638614.6341724, 52.99205549240112]","[1736639043.9936676, 1736639044.1904008, 52.321353264093396]","[1736639474.9607058, 1736639475.1567824, 51.63872174263]"
"[1736637753.4417987, 1736637753.6386225, 52.10771039414405]","[1736638186.6164396, 1736638186.812317, 51.69084782278537]","[1736638615.313238, 1736638615.5111597, 52.90482795202733]","[1736639044.8858247, 1736639045.0828407, 52.310998864293104]","[1736639475.8451428, 1736639476.040939, 51.91997915732862]"
"[1736637754.3292654, 1736637754.5258563, 52.26234547412396]","[1736638187.4999866, 1736638187.6961987, 52.062148079156856]","[1736638616.189306, 1736638616.386845, 52.731986478447894]","[1736639045.698226, 1736639045.894846, 52.60736921250819]","[1736639476.6560445, 1736639476.8518567, 52.17799073648455]"
"[1736637755.2270434, 1736637755.4236698, 52.27842424488066]","[1736638188.3897498, 1736638188.5855207, 51.67524673247337]","[1736638617.0686426, 1736638617.2661085, 52.40587156423299]","[1736639046.5902421, 1736639046.7872734, 52.35515026783944]","[1736639477.541787, 1736639477.7382977, 51.979186812400826]"
"[1736637756.1194623, 1736637756.3160498, 52.162754531741136]","[1736638189.2750032, 1736638189.47062, 51.239566042304034]","[1736638617.9438624, 1736638618.1411972, 52.462501714229596]","[1736639047.4902303, 1736639047.687014, 52.25771664500236]","[1736639478.3552496, 1736639478.550967, 52.08548702096941]"
"[1736637757.0094268, 1736637757.2059793, 52.009641424655925]","[1736638190.1601965, 1736638190.3564112, 51.645219506263736]","[1736638618.8193305, 1736638619.0167975, 52.72691679239273]","[1736639048.3881764, 1736639048.5853486, 52.24600080370903]","[1736639479.2414308, 1736639479.437539, 52.04563226795194]"
"[1736637757.9035149, 1736637758.100414, 51.889455824945415]","[1736638191.0438046, 1736638191.2395647, 51.308981549024594]","[1736638619.6946774, 1736638619.8923979, 53.11004799604416]","[1736639049.28314, 1736639049.479828, 52.0781369408369]","[1736639480.129484, 1736639480.3251562, 51.64461636424065]"
"[1736637758.7948086, 1736637758.9907217, 51.44981498718259]","[1736638191.9336264, 1736638192.1293128, 51.29707941281795]","[1736638620.5724175, 1736638620.770284, 53.070342766761776]","[1736639050.178531, 1736639050.374878, 52.40593154025076]","[1736639481.017646, 1736639481.213754, 51.457721196400975]"
"[1736637759.6814768, 1736637759.8784797, 52.16950116527078]","[1736638192.8211932, 1736638193.0172849, 51.86238726246358]","[1736638621.4520462, 1736638621.6499362, 52.730605524420724]","[1736639051.068573, 1736639051.265481, 52.65164958453176]","[1736639481.825487, 1736639482.0215364, 51.97170920050145]"
"[1736637760.5685372, 1736637760.7650912, 51.830565381288544]","[1736638193.7131286, 1736638193.9088233, 51.43360718977454]","[1736638622.3317387, 1736638622.5296042, 52.85487276911734]","[1736639051.962089, 1736639052.1587605, 52.425588384985936]","[1736639482.7161584, 1736639482.9122324, 51.48172560233431]"
"[1736637761.4663649, 1736637761.6630697, 51.95651242089271]","[1736638194.6004713, 1736638194.7964265, 51.766673967361456]","[1736638623.2120802, 1736638623.409697, 52.632012108922005]","[1736639052.778983, 1736639052.9752462, 52.58917410361766]","[1736639483.5965035, 1736639483.7925982, 51.594132210493086]"
"[1736637762.3593202, 1736637762.5562005, 51.90353995478153]","[1736638195.4137518, 1736638195.609666, 52.30782869982721]","[1736638624.0908449, 1736638624.2887368, 52.81566701424123]","[1736639053.66488, 1736639053.861902, 52.51799185013771]","[1736639484.4075475, 1736639484.6033561, 51.97516250848771]"
"[1736637763.2559009, 1736637763.4523377, 51.888037471413604]","[1736638196.293304, 1736638196.4890106, 51.9019230235815]","[1736638624.9681718, 1736638625.1659439, 52.38026060134813]","[1736639054.5649366, 1736639054.7620177, 52.02858447945118]","[1736639485.295013, 1736639485.49113, 51.55462275981903]"
"[1736637764.150417, 1736637764.3464634, 51.94681555497647]","[1736638197.1781514, 1736638197.37438, 51.62759377217293]","[1736638625.8483214, 1736638626.0458395, 52.558290604829786]","[1736639055.4583468, 1736639055.65494, 51.829871652841554]","[1736639486.0981433, 1736639486.29463, 52.37952101778985]"
"[1736637765.0409806, 1736637765.2377224, 52.21805448889734]","[1736638198.0598814, 1736638198.255857, 51.56515071201323]","[1736638626.7325807, 1736638626.930067, 52.4022900658846]","[1736639056.3458295, 1736639056.5428371, 52.33583723211289]","[1736639486.9819837, 1736639487.1777396, 52.07644587016106]"
"[1736637765.9293458, 1736637766.126189, 52.13850039756298]","[1736638198.8667095, 1736638199.062126, 51.908826571941376]","[1736638627.612105, 1736638627.809655, 52.79990821564197]","[1736639057.2400687, 1736639057.4367557, 51.960288988351806]","[1736639487.8718011, 1736639488.0674398, 51.413496624946575]"
"[1736637766.8168116, 1736637767.0135365, 52.02925151419642]","[1736638199.7493799, 1736638199.945043, 51.82407125747203]","[1736638628.4916244, 1736638628.6889834, 52.796170835256596]","[1736639058.131656, 1736639058.3286219, 52.447859929084785]","[1736639488.7551181, 1736639488.951354, 51.76991596198083]"
"[1736637767.7048233, 1736637767.901407, 52.17078534877301]","[1736638200.6378322, 1736638200.8341074, 51.39251152157782]","[1736638629.3715863, 1736638629.569014, 52.82097978818417]","[1736639059.0253093, 1736639059.2222638, 52.099906264305105]","[1736639489.6406634, 1736639489.8364651, 51.74196393728258]"
"[1736637768.5978146, 1736637768.7948558, 51.98479565187056]","[1736638201.5331619, 1736638201.7288318, 51.48799293732641]","[1736638630.2490294, 1736638630.4469469, 52.666329797744744]","[1736639059.9241283, 1736639060.121181, 51.97177547740938]","[1736639490.5214036, 1736639490.717258, 51.857150508880615]"
"[1736637769.489304, 1736637769.6854522, 51.54002284896375]","[1736638202.413075, 1736638202.6089756, 51.82502731502053]","[1736638631.1294048, 1736638631.327315, 52.52572410762312]","[1736639060.8175282, 1736639061.0141783, 51.79905166149139]","[1736639491.4085047, 1736639491.6038105, 51.40087382888794]"
"[1736637770.3822062, 1736637770.5788267, 51.827786495327956]","[1736638203.3003113, 1736638203.495986, 52.074355543136576]","[1736638632.0090058, 1736638632.2068977, 52.614610839843756]","[1736639061.7112727, 1736639061.9082575, 52.180139203429235]","[1736639492.2895575, 1736639492.4853156, 51.59964488267899]"
"[1736637771.279398, 1736637771.4760623, 51.7986418839693]","[1736638204.1947317, 1736638204.390874, 51.76813568198679]","[1736638632.8918655, 1736638633.08935, 52.861105102539064]","[1736639062.6056187, 1736639062.8030646, 52.340944366693485]","[1736639493.1780224, 1736639493.374073, 51.56646732437609]"
"[1736637772.1673641, 1736637772.3642185, 51.9529460760355]","[1736638205.083085, 1736638205.278532, 51.5815700337887]","[1736638633.771266, 1736638633.9688118, 52.962552811741844]","[1736639063.4990187, 1736639063.6958022, 52.059752989292136]","[1736639494.0672133, 1736639494.2628794, 51.4955673788786]"
"[1736637773.0650306, 1736637773.2615697, 51.538200346231456]","[1736638205.967904, 1736638206.1634305, 51.56420351445677]","[1736638634.6523077, 1736638634.8498714, 52.82414831471441]","[1736639064.3861322, 1736639064.5835378, 52.67736517000199]","[1736639494.950086, 1736639495.1458178, 51.68809019374849]"
"[1736637773.9578521, 1736637774.1548803, 51.99038305282595]","[1736638206.854086, 1736638207.0501637, 51.39441656899454]","[1736638635.531537, 1736638635.729031, 52.757091970443746]","[1736639065.2837937, 1736639065.4808114, 52.39864502942562]","[1736639495.8382359, 1736639496.0342689, 52.0668549515009]"
"[1736637774.852263, 1736637775.0488803, 51.66298360991478]","[1736638207.662103, 1736638207.8578918, 52.04751874208451]","[1736638636.4081886, 1736638636.6060662, 52.8797242450714]","[1736639066.175832, 1736639066.3723676, 52.13033025169372]","[1736639496.7253911, 1736639496.920657, 51.62635865545272]"
"[1736637775.7452562, 1736637775.9417305, 52.07651587700842]","[1736638208.5470767, 1736638208.7427223, 51.8853444850445]","[1736638637.2871401, 1736638637.485075, 52.84736879503726]","[1736639066.9910638, 1736639067.187896, 53.09841056478023]","[1736639497.6092372, 1736639497.8050134, 51.64043821454048]"
"[1736637776.6344478, 1736637776.831363, 52.32797790920734]","[1736638209.4303124, 1736638209.6261947, 51.60595918774605]","[1736638638.1665282, 1736638638.3644257, 52.517145076006294]","[1736639067.882504, 1736639068.0795245, 52.437424230098735]","[1736639498.4940643, 1736639498.6903305, 51.63335308492183]"
"[1736637777.5355213, 1736637777.7323756, 52.14978881895542]","[1736638210.3166568, 1736638210.5127394, 51.87129782152177]","[1736638639.0491467, 1736638639.246683, 52.31128337836263]","[1736639068.776576, 1736639068.973232, 52.14321183216573]","[1736639499.307519, 1736639499.5032117, 51.64850353145598]"
"[1736637778.4379373, 1736637778.6344721, 51.78402805018426]","[1736638211.2042117, 1736638211.3996186, 51.81989262628556]","[1736638639.9321659, 1736638640.1296008, 52.67119604110718]","[1736639069.668634, 1736639069.8656187, 52.59706241667272]","[1736639500.1930807, 1736639500.3893187, 51.778231628060354]"
"[1736637779.341366, 1736637779.5377305, 51.94212354183196]","[1736638212.0915787, 1736638212.2874823, 51.7115310662985]","[1736638640.8103285, 1736638641.0078993, 53.03435378980636]","[1736639070.5668006, 1736639070.763675, 52.55940167474746]","[1736639501.0768723, 1736639501.272787, 51.70830827498437]"
"[1736637780.2480493, 1736637780.4446201, 52.02937395238877]","[1736638212.9732156, 1736638213.169314, 51.77618197897314]","[1736638641.6894104, 1736638641.8868957, 53.00559899508954]","[1736639071.459331, 1736639071.6563816, 52.39201990962027]","[1736639501.967424, 1736639502.163052, 51.45400412273406]"
"[1736637781.1438293, 1736637781.3403885, 52.217063233137125]","[1736638213.857371, 1736638214.0530348, 51.4486031897068]","[1736638642.5632782, 1736638642.761061, 52.816970930770665]","[1736639072.3501084, 1736639072.5469663, 52.01624730825424]","[1736639502.8535194, 1736639503.0499566, 52.08305963099005]"
"[1736637782.0419319, 1736637782.2382154, 51.97248272883892]","[1736638214.670294, 1736638214.8661873, 51.91733500467409]","[1736638643.4468396, 1736638643.6445014, 52.26621446251869]","[1736639073.245166, 1736639073.442015, 52.16547519397734]","[1736639503.668331, 1736639503.86431, 52.46187414336205]"
"[1736637782.930694, 1736637783.1272895, 52.29049287879465]","[1736638215.5574622, 1736638215.7532616, 51.789667232513445]","[1736638644.3278239, 1736638644.5251648, 52.57920428025724]","[1736639074.1427224, 1736639074.3399162, 52.242901788862355]","[1736639504.5508592, 1736639504.746985, 52.203991282463086]"
"[1736637783.8208976, 1736637784.0174623, 52.297927826762205]","[1736638216.4462261, 1736638216.641926, 51.37635443091393]","[1736638645.2082589, 1736638645.405792, 52.810029046773906]","[1736639075.0407763, 1736639075.2382407, 52.17272872989266]","[1736639505.3635936, 1736639505.559196, 52.51510987877846]"
"[1736637784.710274, 1736637784.9068806, 52.284457344174385]","[1736638217.3311088, 1736638217.5271635, 51.66987302112579]","[1736638646.0870929, 1736638646.2844706, 52.781452076196665]","[1736639075.94164, 1736639076.1391022, 52.14714179812777]","[1736639506.250386, 1736639506.446462, 52.08066782999037]"
"[1736637785.5978706, 1736637785.7944684, 52.46065657186507]","[1736638218.1438024, 1736638218.3390975, 52.2370992087126]","[1736638646.9702196, 1736638647.1676507, 52.63844309139252]","[1736639076.838787, 1736639077.0361576, 52.0051751900591]","[1736639507.1362424, 1736639507.3321638, 52.005413640856744]"
"[1736637786.4893146, 1736637786.6859455, 52.19107041573526]","[1736638219.0256257, 1736638219.2214594, 51.585335948467275]","[1736638647.8504157, 1736638648.0478344, 52.684390640854836]","[1736639077.7354622, 1736639077.9320722, 51.689312067151064]","[1736639508.0198598, 1736639508.2157698, 51.83021797001363]"
"[1736637787.3754778, 1736637787.572504, 52.33978177177906]","[1736638219.910836, 1736638220.1068969, 51.677585510492314]","[1736638648.7275534, 1736638648.9250896, 52.76082749009133]","[1736639078.6260228, 1736639078.822976, 52.34699716985226]","[1736639508.9037197, 1736639509.0992875, 51.61618420886993]"
"[1736637788.2719798, 1736637788.468929, 51.923186221241956]","[1736638220.795848, 1736638220.9918091, 51.70622255778313]","[1736638649.6073537, 1736638649.80486, 52.97784102368354]","[1736639079.5214877, 1736639079.7184405, 52.20602356088161]","[1736639509.7860606, 1736639509.9821403, 51.759463012814514]"
"[1736637789.1653018, 1736637789.3618662, 51.74500700354575]","[1736638221.6797392, 1736638221.875509, 51.923875042676926]","[1736638650.4839127, 1736638650.681846, 52.98200066637992]","[1736639080.4179595, 1736639080.6150284, 52.07968696892263]","[1736639510.6728654, 1736639510.8690531, 51.90080021286011]"
"[1736637790.056772, 1736637790.253539, 51.987271042942986]","[1736638222.564258, 1736638222.7598827, 51.49289291620254]","[1736638651.3640025, 1736638651.5619037, 52.611897825717925]","[1736639081.2393005, 1736639081.436789, 52.63281990264598]","[1736639511.5667968, 1736639511.7629158, 51.54143471980094]"
"[1736637790.9521203, 1736637791.149209, 52.00262206232548]","[1736638223.4449317, 1736638223.6406834, 51.415059204578384]","[1736638652.243859, 1736638652.4417408, 52.44184087812899]","[1736639082.150737, 1736639082.3471584, 51.83535808551311]","[1736639512.452906, 1736639512.6490777, 52.07914547228813]"
"[1736637791.8494735, 1736637792.0464795, 51.874898068189616]","[1736638224.3296323, 1736638224.5257766, 51.59784334778788]","[1736638653.1237662, 1736638653.3216627, 52.60042728602887]","[1736639083.0396879, 1736639083.2370663, 52.28295898129617]","[1736639513.3417134, 1736639513.5372128, 51.972792372941946]"
"[1736637792.741049, 1736637792.9378908, 52.244135693430884]","[1736638225.2152927, 1736638225.4109118, 51.64587791788578]","[1736638654.0037305, 1736638654.2010517, 52.435566359519946]","[1736639083.936309, 1736639084.1333776, 52.097721163622325]","[1736639514.2302911, 1736639514.4267116, 52.07543806958198]"
"[1736637793.6338906, 1736637793.8306434, 52.225490001440065]","[1736638226.1023822, 1736638226.297572, 51.84405633330344]","[1736638654.8823211, 1736638655.0802438, 52.76960920345784]","[1736639084.8361156, 1736639085.0334337, 51.817450241702254]","[1736639515.1240125, 1736639515.3196225, 51.72768650436402]"
"[1736637794.53103, 1736637794.7280467, 52.19411145770551]","[1736638226.9854362, 1736638227.181174, 51.82765196132661]","[1736638655.75417, 1736638655.9513834, 52.383872942805276]","[1736639085.7344494, 1736639085.9314425, 51.64028512214555]","[1736639516.0046957, 1736639516.200658, 51.79157059800625]"
"[1736637795.4531918, 1736637795.6498377, 51.63088416814806]","[1736638227.874609, 1736638228.0702622, 51.58303691052365]","[1736638656.627739, 1736638656.825147, 52.82296825814247]","[1736639086.6312768, 1736639086.8279722, 52.02401124382018]","[1736639516.8872886, 1736639517.083377, 51.99402429747581]"
"[1736637796.349323, 1736637796.5464253, 52.20158561003209]","[1736638228.6852453, 1736638228.88099, 52.179503756403925]","[1736638657.5036173, 1736638657.7009518, 52.84212465214728]","[1736639087.5248113, 1736639087.7219048, 52.29290860414505]","[1736639517.7694323, 1736639517.965903, 51.95704198932648]"
"[1736637797.2425618, 1736637797.4391952, 52.04422483241558]","[1736638229.5696335, 1736638229.7657483, 51.55115270515612]","[1736638658.383852, 1736638658.5812569, 52.81376351606845]","[1736639088.337391, 1736639088.5348203, 52.72039159231936]","[1736639518.580112, 1736639518.775789, 52.22642926120757]"
"[1736637798.1345513, 1736637798.3312674, 52.19945725691316]","[1736638230.455727, 1736638230.6513321, 51.30543409299851]","[1736638659.2615402, 1736638659.459197, 52.92473329174521]","[1736639089.2296784, 1736639089.426354, 51.981331382513034]","[1736639519.4617698, 1736639519.6575444, 52.00226217401028]"
"[1736637799.0300844, 1736637799.227012, 52.41059670877456]","[1736638231.3443115, 1736638231.5400236, 51.441661115646355]","[1736638660.145192, 1736638660.3427224, 52.42076722598077]","[1736639090.0481756, 1736639090.244847, 52.7283199443817]","[1736639520.2690556, 1736639520.4655774, 52.75050183153152]"
"[1736637799.9257755, 1736637800.1227517, 52.14094538235663]","[1736638232.2280583, 1736638232.4241705, 51.39593542313575]","[1736638661.0253344, 1736638661.222863, 52.645845443487175]","[1736639090.9370542, 1736639091.134521, 52.443882700711804]","[1736639521.1588016, 1736639521.3544676, 51.874867658257486]"
"[1736637800.8136957, 1736637801.0104427, 52.495776030063624]","[1736638233.1124978, 1736638233.3084278, 51.572822434186925]","[1736638661.9042432, 1736638662.1017618, 52.78705431592466]","[1736639091.8317096, 1736639092.0287228, 52.14503130674361]","[1736639522.045988, 1736639522.2420893, 51.8394779332876]"
"[1736637801.7096086, 1736637801.9068646, 52.6473555840254]","[1736638233.9244947, 1736638234.1202383, 52.29073283243177]","[1736638662.7837732, 1736638662.9812977, 52.751409286975864]","[1736639092.7261798, 1736639092.9228005, 52.34286627876758]","[1736639522.9321575, 1736639523.1282272, 52.0771483440399]"
"[1736637802.6106763, 1736637802.807659, 52.48939580738545]","[1736638234.805311, 1736638235.0012197, 51.88214091849327]","[1736638663.6638687, 1736638663.8613927, 52.91456273376941]","[1736639093.6139681, 1736639093.811295, 52.43970964550972]","[1736639523.824893, 1736639524.0211265, 51.98032073450088]"
"[1736637803.5070615, 1736637803.7041628, 52.28764792847633]","[1736638235.6878204, 1736638235.8839378, 51.94114014995097]","[1736638664.5403023, 1736638664.737687, 52.40683419196292]","[1736639094.5040104, 1736639094.7008457, 52.02549490046502]","[1736639524.708371, 1736639524.9048412, 51.89401199681596]"
"[1736637804.403008, 1736637804.599635, 51.980769302606596]","[1736638236.5714147, 1736638236.7674856, 51.8837007946968]","[1736638665.4264076, 1736638665.6237674, 52.32900853252411]","[1736639095.3932638, 1736639095.590407, 52.401553326368315]","[1736639525.6004832, 1736639525.7964232, 51.48323480606077]"
"[1736637805.2948346, 1736637805.4917924, 52.41257637023925]","[1736638237.3836894, 1736638237.5793686, 51.88699096322059]","[1736638666.3222911, 1736638666.5196385, 52.379054528474796]","[1736639096.28572, 1736639096.4823112, 52.0590247452259]","[1736639526.4819562, 1736639526.6780155, 51.83315794849395]"
"[1736637806.1897714, 1736637806.3867722, 51.98723367905206]","[1736638238.2692173, 1736638238.4655006, 51.830750022257654]","[1736638667.200534, 1736638667.398044, 52.60300042462348]","[1736639097.1780434, 1736639097.3749855, 52.567728150248534]","[1736639527.3678508, 1736639527.5643253, 52.064096489429474]"
"[1736637807.0862012, 1736637807.2835114, 52.05558070989458]","[1736638239.1531324, 1736638239.3488076, 51.58398397731782]","[1736638668.0804367, 1736638668.2779067, 52.6707438927889]","[1736639098.0953143, 1736639098.2927864, 52.45717372512818]","[1736639528.2631876, 1736639528.4593408, 51.58281088328362]"
"[1736637807.9843469, 1736637808.181227, 51.66941928817681]","[1736638240.0376265, 1736638240.2329924, 51.571615091562265]","[1736638668.9597206, 1736638669.1573796, 52.68068201589586]","[1736639098.9935641, 1736639099.1906726, 52.067580604314806]","[1736639529.0738816, 1736639529.26976, 52.50877352070809]"
"[1736637808.8791075, 1736637809.0756896, 51.86112740814686]","[1736638240.9261065, 1736638241.1222484, 51.65465293705464]","[1736638669.839936, 1736638670.0372677, 52.43513085746765]","[1736639099.892444, 1736639100.0896354, 52.103755357980745]","[1736639529.9625888, 1736639530.1589384, 51.75608001220225]"
"[1736637809.7655392, 1736637809.9626422, 52.289236042857155]","[1736638241.8104298, 1736638242.006348, 51.78155313813686]","[1736638670.7137368, 1736638670.9112349, 52.47367392683028]","[1736639100.7034304, 1736639100.9002078, 52.88577718055246]","[1736639530.7767265, 1736639530.9723725, 52.29074117732049]"
"[1736637810.6661253, 1736637810.8631163, 51.68059075665472]","[1736638242.7010899, 1736638242.8968136, 51.640430987119686]","[1736638671.5881279, 1736638671.7851965, 52.40569637560846]","[1736639101.5940785, 1736639101.7915745, 52.566382077693945]","[1736639531.6596787, 1736639531.8556092, 51.684001138329506]"
"[1736637811.592925, 1736637811.7895744, 51.14196465098857]","[1736638243.5875125, 1736638243.7838156, 51.727617931961994]","[1736638672.4640844, 1736638672.6614377, 52.882156304121025]","[1736639102.4919693, 1736639102.689135, 52.07993802857396]","[1736639532.5460885, 1736639532.7424889, 52.33268639969824]"
"[1736637812.485082, 1736637812.682112, 51.44357085084741]","[1736638244.4710395, 1736638244.6667283, 51.76857960844039]","[1736638673.3402796, 1736638673.5377896, 52.627995602130895]","[1736639103.3895142, 1736639103.5961287, 54.843958752036094]","[1736639533.4435208, 1736639533.6399853, 51.89332632589339]"
"[1736637813.3824208, 1736637813.579276, 51.72146801183508]","[1736638245.3612554, 1736638245.556982, 51.42413048911095]","[1736638674.2179523, 1736638674.4149914, 52.77572132718563]","[1736639104.2927923, 1736639104.4902556, 52.908438503980626]","[1736639534.2503517, 1736639534.446323, 52.22918154859544]"
"[1736637814.2797215, 1736637814.4762661, 51.8545616029501]","[1736638246.2414176, 1736638246.4371605, 51.32578460717201]","[1736638675.1140583, 1736638675.311139, 52.90369730901717]","[1736639105.1911266, 1736639105.3972876, 55.01728898501396]","[1736639535.1391795, 1736639535.33523, 52.05555124485496]"
"[1736637815.1713767, 1736637815.3682406, 52.18429840171338]","[1736638247.1286364, 1736638247.3245878, 51.531604763031005]","[1736638675.9926028, 1736638676.190061, 52.57348195314407]","[1736639106.0932033, 1736639106.2907083, 52.558859148383156]","[1736639536.0269403, 1736639536.2227042, 52.11195791947841]"
"[1736637816.0640237, 1736637816.2610662, 51.896815381526956]","[1736638247.9329507, 1736638248.1288502, 52.51858661282063]","[1736638676.8757617, 1736638677.0727432, 52.50760943770406]","[1736639106.9896247, 1736639107.1869652, 52.137254529476174]","[1736639536.8385956, 1736639537.0346477, 52.36261853575707]"
"[1736637816.95966, 1736637817.1564498, 51.89447223651412]","[1736638248.82398, 1736638249.0200624, 51.52188417625427]","[1736638677.7568998, 1736638677.9539425, 52.982464874029176]","[1736639107.8830047, 1736639108.079663, 52.115115250825895]","[1736639537.7191384, 1736639537.9151952, 52.20365372169019]"
"[1736637817.8506265, 1736637818.047498, 52.28170956921578]","[1736638249.7079456, 1736638249.9040353, 51.924240923881534]","[1736638678.6328914, 1736638678.8302855, 52.52539667558669]","[1736639108.775562, 1736639108.9725318, 52.527922092676185]","[1736639538.5350041, 1736639538.7307167, 52.5574011285305]"
"[1736637818.7469475, 1736637818.943858, 52.143430386543265]","[1736638250.5977616, 1736638250.7933824, 51.68873076033593]","[1736638679.517714, 1736638679.715043, 51.9844553873539]","[1736639109.6683109, 1736639109.8654706, 52.573343871831916]","[1736639539.4219928, 1736639539.6184704, 52.23067431902884]"
"[1736637819.6418948, 1736637819.839012, 52.27808546853065]","[1736638251.486022, 1736638251.6822124, 51.77909478592875]","[1736638680.3949687, 1736638680.5919938, 52.58234648489953]","[1736639110.5679305, 1736639110.7649736, 52.15391902649404]","[1736639540.3091037, 1736639540.5049596, 51.9516000159979]"
"[1736637820.5350041, 1736637820.731586, 52.03837729120254]","[1736638252.3796482, 1736638252.5752265, 51.594614436864845]","[1736638681.2701225, 1736638681.466576, 52.272222527623185]","[1736639111.4607437, 1736639111.657344, 52.30690385782718]","[1736639541.1164832, 1736639541.312587, 52.474686045646656]"
"[1736637821.4256785, 1736637821.6224134, 52.47042542910575]","[1736638253.2630622, 1736638253.4592266, 51.67683471109638]","[1736638682.1477997, 1736638682.344976, 52.80766969358921]","[1736639112.353495, 1736639112.5504363, 52.84735664844512]","[1736639541.996634, 1736639542.1925833, 51.85532809358957]"
"[1736637822.321923, 1736637822.5189836, 52.50280518221855]","[1736638254.147095, 1736638254.3431976, 51.67925805449486]","[1736638683.024303, 1736638683.220608, 52.509612987875926]","[1736639113.248645, 1736639113.4457304, 52.67622218561173]","[1736639542.886562, 1736639543.0825734, 52.013040828466394]"
"[1736637823.2135406, 1736637823.410153, 52.21008097207545]","[1736638255.0412624, 1736638255.2373545, 51.36773757100103]","[1736638683.904962, 1736638684.101292, 52.77167354524134]","[1736639114.1478224, 1736639114.3451123, 52.60791563487054]","[1736639543.777591, 1736639543.9736443, 51.53306641626359]"
"[1736637824.1048872, 1736637824.3017447, 52.62999602055549]","[1736638255.9290698, 1736638256.1248558, 51.886905706763265]","[1736638684.7762282, 1736638684.9736, 53.078397579550725]","[1736639115.0484636, 1736639115.245561, 52.25397126245498]","[1736639544.6637332, 1736639544.8599455, 51.94021977686882]"
"[1736637825.0024316, 1736637825.1996486, 52.558239408254636]","[1736638256.8189256, 1736638257.0145743, 51.3997932024002]","[1736638685.6562772, 1736638685.8531272, 52.56501860952377]","[1736639115.9473562, 1736639116.1447103, 52.33112192654612]","[1736639545.5542843, 1736639545.749961, 51.61382423830029]"
"[1736637825.9008696, 1736637826.097897, 52.419805880904185]","[1736638257.7045588, 1736638257.9007883, 51.78926875674725]","[1736638686.5275779, 1736638686.7242067, 52.4792007236481]","[1736639116.8421838, 1736639117.038899, 51.98900424802305]","[1736639546.4428225, 1736639546.6391616, 52.414736543655366]"
"[1736637826.797531, 1736637826.994528, 52.068972348928455]","[1736638258.5155368, 1736638258.7112663, 52.416461870670325]","[1736638687.3988934, 1736638687.5954015, 52.62040339672564]","[1736639117.7315536, 1736639117.9283032, 52.48235667586324]","[1736639547.2536707, 1736639547.4497154, 52.72672770655155]"
"[1736637827.6852396, 1736637827.881931, 52.2306410689354]","[1736638259.401728, 1736638259.597635, 51.50950483894347]","[1736638688.2767434, 1736638688.4734855, 52.659021095752706]","[1736639118.6228662, 1736639118.819715, 52.341058677315736]","[1736639548.140859, 1736639548.337333, 52.24311801874638]"
"[1736637828.5789165, 1736637828.776269, 52.230849720142075]","[1736638260.2897944, 1736638260.4857159, 51.993382973432524]","[1736638689.1519356, 1736638689.3491545, 52.40948275970572]","[1736639119.5164163, 1736639119.7132363, 52.33313224124909]","[1736639549.030537, 1736639549.2262626, 51.826234974265105]"
"[1736637829.4746704, 1736637829.671296, 51.64790037989618]","[1736638261.178002, 1736638261.3737051, 51.81330130004883]","[1736638690.0343914, 1736638690.2313428, 52.191740076303475]","[1736639120.407152, 1736639120.604654, 52.4394534674883]","[1736639549.9143836, 1736639550.1105034, 52.1794677003622]"
"[1736637830.30379, 1736637830.5008218, 53.00459531772136]","[1736638262.0653224, 1736638262.2614317, 51.741361452890914]","[1736638690.9148092, 1736638691.1117835, 52.20207854175568]","[1736639121.30611, 1736639121.5031066, 52.09528979170323]","[1736639550.723479, 1736639550.9194567, 52.55738678824902]"
"[1736637831.1984165, 1736637831.395737, 52.6463357114792]","[1736638262.9591928, 1736638263.1551561, 51.403333846021084]","[1736638691.7880268, 1736638691.984632, 52.153857744455344]","[1736639122.2068322, 1736639122.4043324, 51.98581596088408]","[1736639551.6127768, 1736639551.8084583, 51.96253885555268]"
"[1736637832.0907497, 1736637832.2872584, 51.98022123384475]","[1736638263.766932, 1736638263.9628954, 51.94235718595981]","[1736638692.668699, 1736638692.8660889, 52.56104410147666]","[1736639123.1055067, 1736639123.3025904, 51.83366792845729]","[1736639552.4970195, 1736639552.693654, 52.29315536570549]"
"[1736637832.978677, 1736637833.1756403, 52.40004052245618]","[1736638264.6604362, 1736638264.8566043, 51.45745474212314]","[1736638693.5385473, 1736638693.7350013, 51.98728681850433]","[1736639124.0051172, 1736639124.2024589, 52.00373944008351]","[1736639553.4039817, 1736639553.5999722, 51.424598228454585]"
"[1736637833.8712206, 1736637834.0677748, 51.90484040009975]","[1736638265.5450451, 1736638265.7412963, 51.58558969652654]","[1736638694.4220638, 1736638694.6183255, 52.43215888035297]","[1736639124.9020116, 1736639125.0989954, 51.90569455718993]","[1736639554.3030508, 1736639554.499122, 51.66842617571355]"
"[1736637834.7574477, 1736637834.9545124, 52.410957847595206]","[1736638266.4364743, 1736638266.6321, 51.38841114723684]","[1736638695.2917662, 1736638695.4888315, 52.693478652238845]","[1736639125.7898872, 1736639125.9867463, 52.493433047771454]","[1736639555.2059083, 1736639555.4015985, 51.550050922036164]"
"[1736637835.6541336, 1736637835.8510704, 51.911961870670325]","[1736638267.325981, 1736638267.52162, 51.62603963565828]","[1736638696.1695838, 1736638696.3669033, 52.38476461005212]","[1736639126.6871915, 1736639126.8846993, 53.06507771646978]","[1736639556.1039736, 1736639556.2999306, 51.79845718050003]"
"[1736637836.5414839, 1736637836.7384963, 52.4452836136818]","[1736638268.2198136, 1736638268.4158478, 51.694822430729864]","[1736638697.0469372, 1736638697.2434392, 51.88319368269096]","[1736639127.5842977, 1736639127.7815802, 52.13075099420545]","[1736639557.0027008, 1736639557.1986644, 51.66843746137621]"
"[1736637837.4379559, 1736637837.635196, 52.325382475137715]","[1736638269.0378416, 1736638269.233817, 52.2053515908718]","[1736638697.9238324, 1736638698.1204603, 52.03235295176506]","[1736639128.484308, 1736639128.6814957, 52.25398092782497]","[1736639557.9019945, 1736639558.0980926, 51.76522300076484]"
"[1736637838.3349543, 1736637838.5320146, 52.288862375140184]","[1736638269.9180057, 1736638270.1141047, 51.87435313975811]","[1736638698.7952666, 1736638698.9919145, 52.475582426309586]","[1736639129.3840802, 1736639129.5811076, 52.15437894654276]","[1736639558.7977262, 1736639558.9942014, 51.753113675059524]"
"[1736637839.2257774, 1736637839.422596, 52.27656077945232]","[1736638270.8047464, 1736638271.0005562, 52.06595471358298]","[1736638699.6677096, 1736638699.8650384, 52.37658729970455]","[1736639130.2814095, 1736639130.4784813, 52.204736276149774]","[1736639559.6118236, 1736639559.8086276, 51.984447578430185]"
"[1736637840.1190457, 1736637840.316074, 52.619685466527955]","[1736638271.689011, 1736638271.8849666, 52.00663822603225]","[1736638700.5489807, 1736638700.7460365, 51.997728727102285]","[1736639131.1737292, 1736639131.3704603, 52.19553548526765]","[1736639560.4987097, 1736639560.6954997, 51.93632201647761]"
"[1736637841.0148885, 1736637841.2122335, 52.44144470620155]","[1736638272.578644, 1736638272.774981, 52.15957017397881]","[1736638701.4263096, 1736638701.623142, 51.947994697451605]","[1736639132.0650165, 1736639132.2624447, 52.92644500672816]","[1736639561.401186, 1736639561.5974655, 51.36226032829284]"
"[1736637841.9133728, 1736637842.1104283, 52.1321377696991]","[1736638273.4590175, 1736638273.6551058, 51.79757135478103]","[1736638702.3051062, 1736638702.5016713, 51.84812798595429]","[1736639132.95824, 1736639133.1551225, 52.32299481868744]","[1736639562.2981, 1736639562.494623, 51.406998171687114]"
"[1736637842.8008587, 1736637842.9977195, 52.66128023791311]","[1736638274.3415232, 1736638274.5380168, 51.872651235342005]","[1736638703.186043, 1736638703.3828244, 52.118245443820946]","[1736639133.8557472, 1736639134.0523157, 52.694173057556156]","[1736639563.1940742, 1736639563.390812, 51.370087338152054]"
"[1736637843.698046, 1736637843.8950617, 52.55551608264447]","[1736638275.225784, 1736638275.4216125, 51.723535887599006]","[1736638704.0639195, 1736638704.2604575, 51.90189366626739]","[1736639134.745632, 1736639134.9430547, 52.98811902379989]","[1736639564.079248, 1736639564.2758327, 51.549474319934845]"
"[1736637844.5953977, 1736637844.7926183, 52.659971741914745]","[1736638276.1081216, 1736638276.304012, 51.652730803489696]","[1736638704.93227, 1736638705.128843, 52.42973648524286]","[1736639135.6438246, 1736639135.8413196, 52.70604161119462]","[1736639564.968362, 1736639565.165027, 51.60924009215831]"
"[1736637845.488749, 1736637845.685423, 52.25698372685909]","[1736638276.994813, 1736638277.1907432, 51.8079408700466]","[1736638705.8088267, 1736638706.0058272, 52.165695083856605]","[1736639136.5432286, 1736639136.7407, 52.38339984536171]","[1736639565.8586898, 1736639566.0553265, 51.74510693979263]"
"[1736637846.3776588, 1736637846.5747695, 52.36790235948559]","[1736638277.8784688, 1736638278.0744922, 52.12271943104265]","[1736638706.6891174, 1736638706.8860624, 52.148845183968525]","[1736639137.4412935, 1736639137.6388278, 52.487796234369284]","[1736639566.7515965, 1736639566.9476433, 51.41404209744931]"
"[1736637847.2697465, 1736637847.4663687, 52.20717964267731]","[1736638278.761619, 1736638278.957766, 52.043231792449966]","[1736638707.5647628, 1736638707.761532, 52.08803544175624]","[1736639138.3431556, 1736639138.5406299, 52.33782388281822]","[1736639567.636262, 1736639567.8328962, 51.62388867568968]"
"[1736637848.1569958, 1736637848.3541276, 52.57263192546366]","[1736638279.655971, 1736638279.852096, 51.3908554148618]","[1736638708.4366968, 1736638708.6328735, 51.94417070960997]","[1736639139.2386339, 1736639139.4358425, 52.37363104569914]","[1736639568.5303214, 1736639568.7271798, 52.02220317208767]"
"[1736637849.0540676, 1736637849.2515929, 52.26490551924706]","[1736638280.5379694, 1736638280.73405, 51.65747560131551]","[1736638709.3115528, 1736638709.5081193, 52.35290163207055]","[1736639140.056945, 1736639140.2541378, 52.985547236204134]","[1736639569.4166627, 1736639569.613319, 51.88720419085026]"
"[1736637849.9557276, 1736637850.1527224, 51.87298858666422]","[1736638281.422586, 1736638281.618386, 51.6504095773697]","[1736638710.1901755, 1736638710.386809, 52.2902443845272]","[1736639140.9450352, 1736639141.1419735, 52.62804573166371]","[1736639570.31167, 1736639570.5084257, 51.98102657985687]"
"[1736637850.8554695, 1736637851.0525038, 52.08166898465158]","[1736638282.3092968, 1736638282.5049515, 51.35360262703896]","[1736638711.0668783, 1736638711.2638786, 52.12743114113811]","[1736639141.8412428, 1736639142.0386803, 52.86833342325686]","[1736639571.2062845, 1736639571.4028773, 51.67339183354378]"
"[1736637851.7543018, 1736637851.951739, 52.18045540630818]","[1736638283.1974425, 1736638283.3938222, 51.64695503520964]","[1736638711.9422967, 1736638712.1387749, 51.87961632128598]","[1736639142.735564, 1736639142.9323683, 53.14919629406928]","[1736639572.096819, 1736639572.2933464, 51.87883096611499]"
"[1736637852.6512494, 1736637852.8485968, 51.94829534864425]","[1736638284.0811348, 1736638284.2771795, 51.719375790119166]","[1736638712.816352, 1736638713.0126717, 52.098245164990416]","[1736639143.6246533, 1736639143.821514, 52.44826504147051]","[1736639572.9991403, 1736639573.1954844, 51.59597183823586]"
"[1736637853.5445619, 1736637853.7411618, 51.704623597264295]","[1736638284.9651446, 1736638285.1610863, 51.76739909934999]","[1736638713.6893601, 1736638713.8859801, 52.254056097865096]","[1736639144.5196354, 1736639144.7166338, 52.361855348467834]","[1736639573.8923965, 1736639574.0889833, 51.39860983354377]"
"[1736637854.4348552, 1736637854.6321218, 52.16868502843381]","[1736638285.8562171, 1736638286.052269, 51.53941163603857]","[1736638714.5662203, 1736638714.7632105, 52.1735688509941]","[1736639145.4198515, 1736639145.617385, 52.17476850445381]","[1736639574.7876194, 1736639574.9845552, 51.43383793735074]"
"[1736637855.3314161, 1736637855.5284681, 52.333907452940934]","[1736638286.6743877, 1736638286.8703253, 52.134055713891975]","[1736638715.4433818, 1736638715.6407259, 52.169526588979096]","[1736639146.3192801, 1736639146.5168474, 52.35715173564043]","[1736639575.6733084, 1736639575.8699422, 51.6619697254896]"
"[1736637856.22096, 1736637856.4175842, 52.152525697708136]","[1736638287.5671096, 1736638287.7622745, 51.52216855061055]","[1736638716.3208785, 1736638716.5175314, 51.78735642707349]","[1736639147.2178423, 1736639147.4154015, 51.99741759644848]","[1736639576.567591, 1736639576.7644083, 51.6240194966793]"
"[1736637857.110028, 1736637857.3071113, 52.44476847076417]","[1736638288.455285, 1736638288.651173, 51.64168463816227]","[1736638717.1911733, 1736638717.3876784, 52.145559678792964]","[1736639148.117565, 1736639148.3148868, 51.82746363598268]","[1736639577.4515684, 1736639577.6482778, 51.85861674106119]"
"[1736637858.0332575, 1736637858.230444, 52.10755273675919]","[1736638289.3441947, 1736638289.5399103, 51.56442400109766]","[1736638718.0651062, 1736638718.2620547, 52.2067760425806]","[1736639149.0136802, 1736639149.2104843, 52.04235178112983]","[1736639578.3449721, 1736639578.541664, 51.69723589670659]"
"[1736637858.9301696, 1736637859.1273334, 52.21782791697979]","[1736638290.2307608, 1736638290.4265115, 51.56272838401794]","[1736638718.9416034, 1736638719.1380963, 51.88834900450326]","[1736639149.9008367, 1736639150.0982697, 52.6638265144825]","[1736639579.1586392, 1736639579.3550162, 52.48759828996658]"
"[1736637859.8345118, 1736637860.0312536, 52.06189236807823]","[1736638291.1144357, 1736638291.3105922, 51.7577496674061]","[1736638719.8131387, 1736638720.0095406, 51.817041062951105]","[1736639150.7205014, 1736639150.9179254, 52.97914168715476]","[1736639580.0505574, 1736639580.2475061, 52.0671123663187]"
"[1736637860.7302103, 1736637860.9274795, 52.396480328559875]","[1736638291.9224305, 1736638292.1183167, 52.901907528162]","[1736638720.6846209, 1736638720.881592, 52.18672241234778]","[1736639151.6135976, 1736639151.8107622, 52.615660210013395]","[1736639580.8639467, 1736639581.060642, 52.31729259109497]"
"[1736637861.6290145, 1736637861.826074, 52.39954577040671]","[1736638292.8060238, 1736638293.001344, 51.88255417752267]","[1736638721.564187, 1736638721.7612796, 52.112578341960926]","[1736639152.4248157, 1736639152.6218927, 52.88524085640907]","[1736639581.7526438, 1736639581.949426, 51.98243078482151]"
"[1736637862.5287662, 1736637862.7258046, 52.35164525485039]","[1736638293.6986222, 1736638293.8947203, 52.061603220939645]","[1736638722.4405048, 1736638722.6369953, 51.80161061334252]","[1736639153.316581, 1736639153.5141337, 52.484261788541104]","[1736639582.648392, 1736639582.845136, 51.73234944975376]"
"[1736637863.4211528, 1736637863.6176853, 52.08679368877412]","[1736638294.5905483, 1736638294.7863302, 51.90628580212592]","[1736638723.3137255, 1736638723.5100193, 51.889583832740776]","[1736639154.2129042, 1736639154.410003, 51.993465413942644]","[1736639583.544611, 1736639583.7414095, 51.80604470634462]"
"[1736637864.3097796, 1736637864.5071821, 52.58703837263584]","[1736638295.3946137, 1736638295.590936, 52.53680236363411]","[1736638724.1874626, 1736638724.3840268, 52.213733983635905]","[1736639155.102234, 1736639155.2993147, 52.362884573221194]","[1736639584.432602, 1736639584.6293228, 52.06340516757967]"
"[1736637865.2339876, 1736637865.4308577, 52.1214355092049]","[1736638296.2792473, 1736638296.475052, 52.20092646503449]","[1736638725.0655718, 1736638725.2623074, 52.261580027580244]","[1736639155.9939582, 1736639156.1909864, 52.50863308930395]","[1736639585.3304837, 1736639585.527135, 51.954078551053996]"
"[1736637866.1268194, 1736637866.3241084, 52.40533179259301]","[1736638297.1663926, 1736638297.3620803, 51.93639587962626]","[1736638725.9436398, 1736638726.1405332, 51.861383148161195]","[1736639156.8951733, 1736639157.0925374, 52.03235357058049]","[1736639586.2245922, 1736639586.4213529, 51.9056896470785]"
"[1736637867.0263739, 1736637867.223726, 52.19922825992106]","[1736638298.0517807, 1736638298.2478812, 51.63050906038625]","[1736638726.8235316, 1736638727.0205283, 51.73058374118804]","[1736639157.794669, 1736639157.9920602, 51.91936476981639]","[1736639587.1187513, 1736639587.31467, 51.805683979272835]"
"[1736637867.9230368, 1736637868.1200328, 52.02607763886453]","[1736638298.86469, 1736638299.0604205, 52.245447452187534]","[1736638727.703996, 1736638727.9006798, 51.90262105560304]","[1736639158.6948824, 1736639158.892404, 51.901508332371705]","[1736639588.0106244, 1736639588.207194, 52.0819733170271]"
"[1736637868.8079824, 1736637869.0054386, 52.69385565853118]","[1736638299.7533085, 1736638299.9496684, 51.75559034669398]","[1736638728.5738463, 1736638728.7701154, 51.95282393360138]","[1736639159.586841, 1736639159.783488, 52.067467190623276]","[1736639588.906294, 1736639589.1030083, 52.038026144623736]"
"[1736637869.702625, 1736637869.8994086, 52.462432120919225]","[1736638300.642866, 1736638300.8381867, 51.41758175206184]","[1736638729.4489639, 1736638729.6454005, 52.153909486770615]","[1736639160.4816868, 1736639160.6788812, 52.58010062193869]","[1736639589.7910702, 1736639589.9876268, 51.884901814699155]"
"[1736637870.5992265, 1736637870.795905, 52.59923751413821]","[1736638301.5366182, 1736638301.732667, 51.5978842561245]","[1736638730.3218648, 1736638730.5188699, 52.096578104019166]","[1736639161.3785985, 1736639161.575698, 52.42914251530171]","[1736639590.6827738, 1736639590.879693, 51.87166158152703]"
"[1736637871.4907238, 1736637871.687692, 52.75353488707544]","[1736638302.3452666, 1736638302.5408444, 51.95308273375033]","[1736638731.1970372, 1736638731.393527, 51.77056299614906]","[1736639162.274258, 1736639162.4712899, 52.51558817207812]","[1736639591.568953, 1736639591.7657096, 51.77512948799134]"
"[1736637872.3860972, 1736637872.5833757, 52.75090538299086]","[1736638303.2257075, 1736638303.4213557, 51.89030226874351]","[1736638732.071692, 1736638732.2679756, 52.191765046834945]","[1736639163.1669137, 1736639163.3635292, 52.22693010544777]","[1736639592.4626572, 1736639592.6595685, 51.653394056439396]"
"[1736637873.2858548, 1736637873.4831352, 52.56195273125174]","[1736638304.1115186, 1736638304.308022, 51.954723379373576]","[1736638732.9491138, 1736638733.1453214, 52.231192202568074]","[1736639164.0571463, 1736639164.2542925, 52.86740382540227]","[1736639593.350858, 1736639593.5475192, 51.78022368025781]"
"[1736637874.1861024, 1736637874.3835638, 52.578948859572385]","[1736638304.9971452, 1736638305.1932516, 51.929325584173206]","[1736638733.8221848, 1736638734.0187116, 52.03591946196556]","[1736639164.9498804, 1736639165.146872, 52.82752178776265]","[1736639594.2453141, 1736639594.4421191, 51.76127807426453]"
"[1736637875.0856633, 1736637875.283116, 52.681542222976674]","[1736638305.8101377, 1736638306.006565, 52.726567490577715]","[1736638734.6908822, 1736638734.8871813, 51.96308946359157]","[1736639165.8485363, 1736639166.0455294, 52.79135786128047]","[1736639595.1449695, 1736639595.3416793, 51.748928551435476]"
"[1736637875.9851294, 1736637876.1823483, 52.47318695414065]","[1736638306.697031, 1736638306.8929653, 52.062727204442034]","[1736638735.5629575, 1736638735.7596002, 52.25919894874098]","[1736639166.7377179, 1736639166.9346902, 52.740345081925376]","[1736639595.9616008, 1736639596.1585717, 52.33888249766827]"
"[1736637876.883326, 1736637877.0804405, 52.571427508592606]","[1736638307.5865595, 1736638307.782512, 52.029530222415914]","[1736638736.4409237, 1736638736.6375594, 52.00786060822012]","[1736639167.6316478, 1736639167.8292468, 52.784536768913256]","[1736639596.8465564, 1736639597.0431874, 51.95790303945542]"
"[1736637877.7795024, 1736637877.9760396, 52.164031263113024]","[1736638308.4744976, 1736638308.6706476, 52.26018722009658]","[1736638737.3219333, 1736638737.5186281, 51.84619650375842]","[1736639168.532657, 1736639168.729979, 52.086218087077135]","[1736639597.7392406, 1736639597.9359577, 51.82726608097553]"
"[1736637878.6691632, 1736637878.8660696, 52.388735865950586]","[1736638309.367007, 1736638309.562918, 51.772837729215624]","[1736638738.1927102, 1736638738.3891377, 51.936735185384755]","[1736639169.4314225, 1736639169.629001, 52.53233493208884]","[1736639598.5455039, 1736639598.7421694, 52.71459933400157]"
"[1736637879.5653696, 1736637879.7627933, 52.37714392284267]","[1736638310.253381, 1736638310.4497824, 51.96905331312962]","[1736638739.066889, 1736638739.2632627, 52.32330558526515]","[1736639170.334072, 1736639170.5315049, 52.21812914443018]","[1736639599.428633, 1736639599.6252623, 52.30270666384697]"
"[1736637880.4584086, 1736637880.655064, 52.022838367700565]","[1736638311.1378422, 1736638311.3337605, 51.63397234237193]","[1736638739.9430618, 1736638740.1394944, 52.24207474613191]","[1736639171.2318604, 1736639171.4294357, 52.619497634649264]","[1736639600.3211784, 1736639600.5182295, 52.037445903778064]"
"[1736637881.3528337, 1736637881.5493636, 52.350231353282936]","[1736638312.0209157, 1736638312.216773, 51.95132092332839]","[1736638740.8139708, 1736638741.0104868, 51.95872833931444]","[1736639172.1254997, 1736639172.3221617, 52.322163377523424]","[1736639601.2100391, 1736639601.4067466, 52.110048800706856]"
"[1736637882.2416832, 1736637882.439002, 52.274608547449105]","[1736638312.9094758, 1736638313.1058853, 51.67650817406178]","[1736638741.6895428, 1736638741.8857422, 51.840966909885395]","[1736639173.0171463, 1736639173.214144, 52.68750647640228]","[1736639602.1012685, 1736639602.2982633, 52.25753569436073]"
"[1736637883.1366448, 1736637883.3332987, 51.8091507140398]","[1736638313.7943377, 1736638313.9903812, 51.828168134450905]","[1736638742.5642946, 1736638742.7607315, 52.36468277871608]","[1736639173.908965, 1736639174.1060567, 52.48045979839268]","[1736639602.9898262, 1736639603.1861248, 51.74825412261486]"
"[1736637884.0293353, 1736637884.2262568, 52.22804065465927]","[1736638314.6021438, 1736638314.7978518, 52.4206369099617]","[1736638743.4378498, 1736638743.6347106, 52.00351284299896]","[1736639174.8058512, 1736639175.0029647, 51.93001814889908]","[1736639603.8818488, 1736639604.0787706, 51.9564382210191]"
"[1736637884.9289002, 1736637885.1257784, 52.255820474863036]","[1736638315.4892964, 1736638315.6856768, 52.06162965464593]","[1736638744.3128445, 1736638744.5091844, 51.56945431137086]","[1736639175.7037132, 1736639175.9003577, 52.27145666897299]","[1736639604.779516, 1736639604.9765956, 51.63934341205276]"
"[1736637885.8199553, 1736637886.0170252, 52.28864375162127]","[1736638316.373947, 1736638316.5700037, 51.90632635855675]","[1736638745.18492, 1736638745.381132, 51.93961973369122]","[1736639176.5942187, 1736639176.791142, 52.66940188956262]","[1736639605.5952246, 1736639605.7918773, 52.149899917244895]"
"[1736637886.709462, 1736637886.9063447, 52.38113790571689]","[1736638317.2617593, 1736638317.4573274, 51.9915692640543]","[1736638746.0573964, 1736638746.25426, 52.157174544453625]","[1736639177.4918838, 1736639177.6893313, 52.452449728488915]","[1736639606.4853246, 1736639606.6820867, 51.84089055061341]"
"[1736637887.6028655, 1736637887.8002841, 52.65795069324971]","[1736638318.1501868, 1736638318.3466282, 51.847463244210104]","[1736638746.9334028, 1736638747.1298769, 51.57913823350705]","[1736639178.388902, 1736639178.5862098, 52.16631450438497]","[1736639607.3796384, 1736639607.576763, 51.904843724554226]"
"[1736637888.5018234, 1736637888.6992786, 52.577626432657226]","[1736638319.0414362, 1736638319.2371712, 51.42171639621258]","[1736638747.8100042, 1736638748.0062764, 51.779307046890274]","[1736639179.2820952, 1736639179.4787464, 51.92444107067586]","[1736639608.2757738, 1736639608.4724746, 51.28622387504579]"
"[1736637889.3959591, 1736637889.592938, 52.45478643143177]","[1736638319.927444, 1736638320.12357, 51.69613674640656]","[1736638748.6824005, 1736638748.878885, 52.15969738435746]","[1736639180.1723175, 1736639180.3697016, 52.71951498532293]","[1736639609.1647303, 1736639609.361501, 51.82137908208371]"
"[1736637890.2864056, 1736637890.483456, 52.71008338582514]","[1736638320.8076847, 1736638321.0040894, 52.27256079280376]","[1736638749.5517423, 1736638749.7482371, 52.09137857604026]","[1736639181.068807, 1736639181.2663913, 52.7732708902359]","[1736639610.0564299, 1736639610.2532642, 51.76455519342421]"
"[1736637891.1830738, 1736637891.3802266, 52.82310317957401]","[1736638321.6955113, 1736638321.891479, 51.80409857940674]","[1736638750.4228692, 1736638750.6193328, 52.08218147563935]","[1736639181.967332, 1736639182.1649559, 52.46706632924082]","[1736639610.8711317, 1736639611.0673718, 52.20687679874898]"
"[1736637892.0823958, 1736637892.2795472, 52.71929375576974]","[1736638322.585521, 1736638322.7816534, 52.19532184505462]","[1736638751.299506, 1736638751.496045, 51.869883897304526]","[1736639182.8660583, 1736639183.063148, 52.206343372583376]","[1736639611.7612224, 1736639611.9580219, 51.76793647003174]"
"[1736637892.9792075, 1736637893.176513, 52.74096915519238]","[1736638323.4714904, 1736638323.667694, 52.289501070499426]","[1736638752.1752539, 1736638752.3721402, 52.006847892165176]","[1736639183.7598073, 1736639183.956469, 52.23820671463011]","[1736639612.5750365, 1736639612.7717927, 52.209894371032696]"
"[1736637893.8732028, 1736637894.0698583, 52.31927616119385]","[1736638324.362227, 1736638324.557802, 51.901079877853384]","[1736638753.0500116, 1736638753.2464828, 51.815828399896645]","[1736639184.6517315, 1736639184.8488955, 52.834160889625565]","[1736639613.4655433, 1736639613.6622546, 52.11198830246924]"
"[1736637894.765521, 1736637894.962596, 52.570100192785254]","[1736638325.2484612, 1736638325.4450011, 52.03656682152132]","[1736638753.9226644, 1736638754.1188314, 52.048148666381834]","[1736639185.5481846, 1736639185.7456646, 52.91474795532229]","[1736639614.3576553, 1736639614.5546942, 51.845326957941055]"
"[1736637895.6569686, 1736637895.8542807, 52.35426863341071]","[1736638326.1263962, 1736638326.322459, 51.897708104848846]","[1736638754.795589, 1736638754.9922123, 52.00744452619552]","[1736639186.443106, 1736639186.6401107, 52.51279086136819]","[1736639615.2641456, 1736639615.4606986, 51.09595853483676]"
"[1736637896.5451415, 1736637896.7422128, 52.02244224858284]","[1736638326.9337785, 1736638327.1303058, 52.25616052722931]","[1736638755.6747239, 1736638755.871586, 51.9215103855133]","[1736639187.337087, 1736639187.5338871, 52.72707181978225]","[1736639616.1635864, 1736639616.3601384, 51.27780471754074]"
"[1736637897.4379644, 1736637897.6352344, 52.380932313919075]","[1736638327.8237815, 1736638328.0197704, 51.792475556612004]","[1736638756.5572357, 1736638756.753615, 51.875477691531174]","[1736639188.228902, 1736639188.4263017, 52.938270865678795]","[1736639617.063448, 1736639617.259991, 51.579687476277364]"
"[1736637898.3324184, 1736637898.5291765, 51.97495306062699]","[1736638328.7039008, 1736638328.9000282, 51.89400272762776]","[1736638757.4365728, 1736638757.6330042, 51.91666233313083]","[1736639189.1245632, 1736639189.3215964, 52.67800471055508]","[1736639617.9636118, 1736639618.16003, 51.43537889540195]"
"[1736637899.220712, 1736637899.417842, 52.46014304828644]","[1736638329.5859709, 1736638329.7823021, 52.213884109497066]","[1736638758.3121355, 1736638758.508876, 51.982538790464396]","[1736639190.02328, 1736639190.2202756, 52.317612650513645]","[1736639618.862817, 1736639619.0593712, 51.564310790538784]"
"[1736637900.1168442, 1736637900.314202, 52.381901207447044]","[1736638330.3891237, 1736638330.5855796, 52.76894658386708]","[1736638759.1962938, 1736638759.39274, 51.682112777948376]","[1736639190.9130437, 1736639191.1101573, 52.679791976332666]","[1736639619.7578003, 1736639619.9544785, 51.35509891593456]"
"[1736637901.0105205, 1736637901.2071717, 52.20647403967381]","[1736638331.2670858, 1736638331.4635875, 52.02250567245484]","[1736638760.0713542, 1736638760.2678697, 51.92191626787186]","[1736639191.8106313, 1736639192.0075378, 52.27270957207677]","[1736639620.6566398, 1736639620.8533323, 51.51271119952203]"
"[1736637901.9032738, 1736637902.1004007, 52.645783727884286]","[1736638332.1592662, 1736638332.3550653, 51.84281288099291]","[1736638760.942683, 1736638761.1389468, 51.833042178154]","[1736639192.706931, 1736639192.9043918, 52.42839305339926]","[1736639621.5461297, 1736639621.7423413, 51.60907023596762]"
"[1736637902.7980132, 1736637902.995431, 52.575876804828624]","[1736638333.0458562, 1736638333.2423952, 52.006762390687385]","[1736638761.8169262, 1736638762.0134618, 52.07343226885796]","[1736639193.6056943, 1736639193.803111, 52.179465215448275]","[1736639622.4381616, 1736639622.6348805, 51.8646352957487]"
"[1736637903.6919463, 1736637903.8888395, 52.447637930274]","[1736638333.8561094, 1736638334.0518644, 52.27976701414586]","[1736638762.6888742, 1736638762.885357, 51.85445608019828]","[1736639194.5037436, 1736639194.7013547, 52.351316133042936]","[1736639623.329795, 1736639623.526357, 51.74889229023458]"
"[1736637904.5816069, 1736637904.7786667, 52.82626304364203]","[1736638334.7517846, 1736638334.9478235, 51.749543044090274]","[1736638763.5589905, 1736638763.7554362, 51.82642578685284]","[1736639195.4041164, 1736639195.6016464, 51.987854250968006]","[1736639624.1430297, 1736639624.3399305, 52.83933866500854]"
"[1736637905.4748707, 1736637905.6719034, 52.9672205312252]","[1736638335.6516979, 1736638335.8477354, 51.75656680893898]","[1736638764.4360802, 1736638764.6326244, 52.000551442146296]","[1736639196.3029633, 1736639196.5003202, 52.02240664829657]","[1736639625.0310044, 1736639625.2276511, 52.043272448182094]"
"[1736637906.3663027, 1736637906.5629284, 52.54316490280628]","[1736638336.5431345, 1736638336.739246, 51.546877906438034]","[1736638765.3085382, 1736638765.5050273, 51.97844585168361]","[1736639197.2022665, 1736639197.3993258, 51.91651071660624]","[1736639625.922227, 1736639626.1190834, 52.30930264019967]"
"[1736637907.2574682, 1736637907.454874, 52.81455772221089]","[1736638337.451758, 1736638337.647727, 51.62681719851494]","[1736638766.1927545, 1736638766.3890867, 51.41151798510551]","[1736639198.100829, 1736639198.2977798, 51.95787263647664]","[1736639626.8137865, 1736639627.0108755, 52.120620175480845]"
"[1736637908.153469, 1736637908.3510299, 52.402443917155274]","[1736638338.3383234, 1736638338.5340476, 51.51488251435756]","[1736638767.0649774, 1736638767.2612705, 51.862948314666745]","[1736639198.9114096, 1736639199.1084468, 52.89007248508931]","[1736639627.7057312, 1736639627.9020083, 51.73754044628146]"
"[1736637909.050592, 1736637909.2475817, 51.999577736496946]","[1736638339.2267694, 1736638339.423192, 52.04408247029781]","[1736638767.937485, 1736638768.1341116, 52.12506735396386]","[1736639199.8060045, 1736639200.003365, 52.67286258411411]","[1736639628.599577, 1736639628.796188, 52.30922779381276]"
"[1736637909.9383905, 1736637910.135487, 52.56384003257752]","[1736638340.123885, 1736638340.3203957, 51.319448326587676]","[1736638768.8108027, 1736638769.0072076, 51.7908913936615]","[1736639200.701808, 1736639200.8993897, 52.60070486925832]","[1736639629.4913583, 1736639629.6882627, 52.31081650900842]"
"[1736637910.837822, 1736637911.0349538, 52.21567937481402]","[1736638340.9338944, 1736638341.129712, 52.17248120224473]","[1736638769.6970503, 1736638769.8933957, 51.212054883956924]","[1736639201.5942318, 1736639201.790904, 51.89986245715619]","[1736639630.3081908, 1736639630.5049345, 52.536757741093645]"
"[1736637911.7340105, 1736637911.9315217, 52.46814557993411]","[1736638341.82514, 1736638342.0216079, 51.65643648409844]","[1736638770.5665402, 1736638770.763011, 51.77788030123713]","[1736639202.4855201, 1736639202.6829689, 52.69311727547646]","[1736639631.1994858, 1736639631.3964663, 52.48437115550041]"
"[1736637912.6606307, 1736637912.8567784, 51.454312312483765]","[1736638342.720916, 1736638342.9173033, 51.38345458972454]","[1736638771.4407911, 1736638771.6368842, 51.828138799905766]","[1736639203.3795497, 1736639203.576535, 52.23643005561831]","[1736639632.0898433, 1736639632.286772, 52.11716451513768]"
"[1736637913.5542204, 1736637913.7516685, 51.578787817380125]","[1736638343.610151, 1736638343.8061285, 51.6133250414133]","[1736638772.3158607, 1736638772.5121589, 51.786211229801154]","[1736639204.270564, 1736639204.4673994, 52.262848985672]","[1736639632.9769003, 1736639633.1736066, 52.08688049221039]"
"[1736637914.4501915, 1736637914.647234, 52.135802315422595]","[1736638344.5050068, 1736638344.7014318, 52.225033225774766]","[1736638773.1883962, 1736638773.3850632, 51.94164777910709]","[1736639205.1635356, 1736639205.3610168, 52.70832273387907]","[1736639633.866916, 1736639634.0635436, 51.85389975631237]"
"[1736637915.34965, 1736637915.5467257, 52.064672365626045]","[1736638345.4040534, 1736638345.6006246, 52.328166291236876]","[1736638774.0685747, 1736638774.2651794, 51.771957037091276]","[1736639206.0624633, 1736639206.2599745, 52.41397977840898]","[1736639634.75369, 1736639634.950505, 52.07530243396761]"
"[1736637916.2470095, 1736637916.443963, 51.964615479469295]","[1736638346.3050315, 1736638346.5015092, 52.18226668262482]","[1736638774.9440205, 1736638775.1404474, 51.816007957458496]","[1736639206.9586957, 1736639207.1556716, 52.12909246921539]","[1736639635.568024, 1736639635.764732, 52.3069866992235]"
"[1736637917.1400876, 1736637917.3369427, 52.10525930452346]","[1736638347.2001889, 1736638347.3966134, 52.1501518751383]","[1736638775.8219805, 1736638776.018321, 51.77255754232403]","[1736639207.8570151, 1736639208.053953, 52.22926511716843]","[1736639636.459236, 1736639636.6561434, 52.09861607933044]"
"[1736637918.0582588, 1736637918.2553334, 51.92126720535755]","[1736638348.0052917, 1736638348.201908, 52.84915730714798]","[1736638776.6955686, 1736638776.8918526, 51.944542522430424]","[1736639208.746127, 1736639208.943016, 52.56009176337719]","[1736639637.3511496, 1736639637.548209, 51.79371055388451]"
"[1736637918.9539647, 1736637919.1513805, 52.49427516078949]","[1736638348.8966067, 1736638349.0923724, 52.03410461759566]","[1736638777.5699115, 1736638777.7662458, 51.83726874494552]","[1736639209.6418035, 1736639209.8392775, 52.70983829820157]","[1736639638.2464387, 1736639638.4431455, 51.46675853490829]"
"[1736637919.8568845, 1736637920.0535228, 52.08785322678089]","[1736638349.808188, 1736638350.0039728, 51.72671732997896]","[1736638778.4525263, 1736638778.6489518, 51.784146073222146]","[1736639210.5455968, 1736639210.7424455, 52.321156944751756]","[1736639639.1383736, 1736639639.335013, 51.9828441774845]"
"[1736637920.753925, 1736637920.950894, 52.34301866257191]","[1736638350.6993728, 1736638350.8957634, 51.750833356499655]","[1736638779.328269, 1736638779.5246592, 51.79462086895593]","[1736639211.4408967, 1736639211.6383705, 52.597254955649376]","[1736639640.0306392, 1736639640.227693, 51.94115448474884]"
"[1736637921.6455712, 1736637921.842544, 52.26402358222008]","[1736638351.5054994, 1736638351.702114, 53.034294651031495]","[1736638780.2015874, 1736638780.3981957, 51.65622810196877]","[1736639212.339325, 1736639212.5363245, 52.527048015117636]","[1736639640.9275374, 1736639641.1244, 51.85312647330761]"
"[1736637922.5327692, 1736637922.7301698, 52.64782771682739]","[1736638352.3991106, 1736638352.595704, 52.14624018108847]","[1736638781.077321, 1736638781.2731025, 51.66309732460976]","[1736639213.2283366, 1736639213.4252043, 52.58937657427787]","[1736639641.8179176, 1736639642.014772, 52.19072124004363]"
"[1736637923.4215672, 1736637923.6181898, 52.14417764246461]","[1736638353.288608, 1736638353.4844933, 52.05916324925423]","[1736638781.950093, 1736638782.1464655, 52.257247596263895]","[1736639214.119621, 1736639214.3170767, 52.907714180111896]","[1736639642.709568, 1736639642.9066656, 52.106986752271645]"
"[1736637924.3144577, 1736637924.5114617, 52.5125721125603]","[1736638354.1778915, 1736638354.3739457, 51.77615436744691]","[1736638782.8268511, 1736638783.02317, 51.7975352254579]","[1736639215.016746, 1736639215.2137716, 52.53770720648767]","[1736639643.5964134, 1736639643.793369, 52.01842768406866]"
"[1736637925.2115395, 1736637925.4089549, 52.54911680459975]","[1736638354.985894, 1736638355.1826248, 52.73288813304901]","[1736638783.6929874, 1736638783.8893335, 51.82962488317488]","[1736639215.9105105, 1736639216.1071632, 52.34993547391893]","[1736639644.4067128, 1736639644.603686, 52.79037731742859]"
"[1736637926.1071658, 1736637926.3044941, 52.46506789088249]","[1736638355.8705583, 1736638356.0663304, 52.27510620474814]","[1736638784.5630808, 1736638784.7595098, 51.83426643836497]","[1736639216.7982092, 1736639216.99575, 52.85033073254568]","[1736639645.2949052, 1736639645.4916592, 52.44531157398224]"
"[1736637926.9931886, 1736637927.141588, 39.29662819032302]","[1736638356.7567396, 1736638356.9038486, 38.70135006117821]","[1736638785.4321754, 1736638785.5796208, 38.54175320172312]","[1736639217.6908092, 1736639217.8390837, 38.929590153217305]","[1736639646.1836705, 1736639646.3314457, 39.001538660407064]"
